#          omega_b,        omega_cdm,   omega_ini_dcdm,       Gamma_dcdm,               H0,     ln10^{10}A_s,              n_s,         tau_reio,        A_cib_217,        xi_sz_cib,             A_sz,     ps_A_100_100,     ps_A_143_143,     ps_A_143_217,     ps_A_217_217,         ksz_norm,     gal545_A_100,     gal545_A_143, gal545_A_143_217,     gal545_A_217,    galf_EE_A_100, galf_EE_A_100_143, galf_EE_A_100_217,    galf_EE_A_143, galf_EE_A_143_217,    galf_EE_A_217,    galf_TE_A_100, galf_TE_A_100_143, galf_TE_A_100_217,    galf_TE_A_143, galf_TE_A_143_217,    galf_TE_A_217,       calib_100T,       calib_217T,         A_planck,           z_reio,     Omega_Lambda,              YHe,              A_s,           sigma8
 2.483078e-08	-1.117898e-07	-2.762840e-08	-7.577096e-03	 6.220084e-05	 1.225689e-06	 3.687535e-07	 7.219336e-07	-1.156636e-04	 3.361584e-06	 1.012044e-05	-3.134514e-04	-1.911829e-04	-3.176521e-05	 4.461653e-05	-4.429716e-05	 9.718844e-08	-7.811982e-06	-2.138765e-05	 1.974457e-07	 4.835119e-08	 5.775285e-08	 1.887753e-08	 6.328502e-08	 1.014147e-07	 2.467715e-07	-7.517033e-08	-5.800237e-08	-1.114738e-07	-2.671366e-07	-6.764881e-07	-2.673023e-06	 3.453531e-09	-9.748688e-09	 1.495566e-08	 5.802149e-05	 7.442818e-07	 1.063364e-08	 2.671201e-15	 1.092093e-07	
-1.117898e-07	 3.937991e-06	-2.169058e-06	 5.640175e-01	-1.200880e-03	-3.076431e-05	-4.691949e-06	-1.714444e-05	 5.299315e-04	-1.564636e-05	-3.422696e-05	 1.425830e-03	 9.874692e-04	 2.773452e-04	-2.451397e-04	 2.465479e-04	 7.211100e-06	 2.695568e-05	 1.351746e-04	 4.714253e-05	-6.007748e-07	-7.181668e-07	 3.366409e-08	-7.266895e-07	-2.198658e-07	-1.008839e-06	 1.097076e-07	 5.039803e-07	 7.245020e-07	 2.016848e-06	 3.577628e-06	 1.514706e-05	-5.956734e-09	 6.522044e-08	-3.725705e-07	-1.515369e-03	-1.688028e-05	-4.786286e-08	-6.731163e-14	-5.154747e-06	
-2.762840e-08	-2.169058e-06	 2.471141e-06	-4.656856e-01	 4.778524e-04	 1.497117e-05	-4.743422e-07	 6.930215e-06	 3.296511e-05	 1.788512e-07	-4.861569e-05	 8.161191e-04	 3.451067e-04	 1.660555e-04	 2.558132e-04	-2.311528e-05	-1.102827e-06	-8.038012e-06	-1.076940e-05	 5.268253e-05	-5.668545e-08	-6.482010e-08	-7.558773e-08	-7.438168e-08	 4.534452e-08	-2.938729e-07	 4.290166e-07	-1.629646e-07	-3.725071e-07	-4.029006e-08	 1.032767e-06	 3.558815e-06	 6.958710e-09	 9.558860e-09	 2.202623e-07	 6.399138e-04	 6.978945e-06	-1.184481e-08	 3.287112e-14	 3.901518e-06	
-7.577096e-03	 5.640175e-01	-4.656856e-01	 2.248671e+06	 2.325328e+02	 3.443438e+00	-2.111484e-01	 1.660180e+00	 4.571729e+01	-2.897712e+00	-2.931178e+00	 1.061262e+01	 5.832152e+01	-1.781227e+01	-3.573837e+01	 8.961308e+00	-2.193315e+00	-1.915333e+01	-4.158302e+00	-9.199619e-01	-2.851823e-02	-1.844183e-02	 4.315130e-02	-7.501873e-02	-4.007501e-01	 8.791485e-01	-3.881961e-02	-7.754727e-02	 8.626191e-02	 4.621268e-02	 7.022413e-01	 1.253495e+00	-1.362232e-03	 1.025519e-02	-3.810127e-02	 1.513814e+02	 2.057785e+00	-3.241220e-03	 7.524270e-09	 1.580827e+00	
 6.220084e-05	-1.200880e-03	 4.778524e-04	 2.325328e+02	 6.044358e-01	 1.438577e-02	 1.948623e-03	 7.884073e-03	-2.769491e-01	 7.952796e-03	 1.753403e-02	-7.328455e-01	-5.019312e-01	-1.371600e-01	 1.084483e-01	-1.185391e-01	-4.275908e-03	-2.055839e-02	-7.018561e-02	-1.922909e-02	 2.451976e-04	 2.940972e-04	-1.838537e-05	 2.871467e-04	 6.563698e-05	 5.780772e-04	-9.489829e-05	-2.657911e-04	-2.092274e-04	-1.029844e-03	-1.901464e-03	-7.972659e-03	 5.675129e-06	-2.901287e-05	 1.335068e-04	 6.942524e-01	 7.865615e-03	 2.663325e-05	 3.147259e-11	 2.806272e-03	
 1.225689e-06	-3.076431e-05	 1.497117e-05	 3.443438e+00	 1.438577e-02	 7.373400e-04	 5.302844e-05	 3.814997e-04	-1.014790e-02	 3.436586e-04	-5.678760e-05	-2.275685e-02	-1.014610e-02	 2.025004e-03	 1.060929e-02	-5.481162e-03	-3.393493e-04	-6.869301e-04	-3.422161e-03	-1.282061e-03	 6.845424e-06	 7.277714e-06	-1.072535e-06	 7.778650e-06	-2.505359e-06	 5.496164e-06	-1.799155e-06	-5.628816e-06	-1.208961e-05	-1.985482e-05	-3.962560e-05	-1.645853e-04	-2.071324e-07	-1.233818e-06	 6.715366e-06	 3.468749e-02	 1.900902e-04	 5.247166e-07	 1.610525e-12	 2.314928e-04	
 3.687535e-07	-4.691949e-06	-4.743422e-07	-2.111484e-01	 1.948623e-03	 5.302844e-05	 2.257286e-05	 3.298087e-05	-4.752439e-03	 1.786955e-04	-5.453840e-05	-1.584587e-02	-3.211791e-03	 3.296595e-03	 5.843242e-03	-3.199020e-03	 2.894219e-04	-2.152958e-04	-1.325446e-03	-4.832696e-04	 3.003226e-06	 3.589606e-06	-3.269003e-07	 3.690747e-06	 1.053667e-06	 3.184676e-06	-7.497759e-07	-2.067274e-07	-1.149179e-06	-4.094358e-06	-9.332770e-06	-3.953530e-05	-2.093318e-07	-3.680810e-07	 4.057011e-07	 2.871932e-03	 2.633522e-05	 1.579129e-07	 1.157093e-13	 1.137714e-05	
 7.219336e-07	-1.714444e-05	 6.930215e-06	 1.660180e+00	 7.884073e-03	 3.814997e-04	 3.298087e-05	 2.068287e-04	-5.874130e-03	 1.556725e-04	 3.227532e-04	-1.962692e-02	-8.961131e-03	-1.693802e-03	 2.030392e-03	-2.273668e-03	-9.523469e-05	-1.278868e-04	-1.565497e-03	-1.462024e-03	 3.741981e-06	 4.380442e-06	-4.781580e-07	 4.031984e-06	-8.920739e-07	 6.304834e-06	-1.491390e-06	-3.300130e-06	-5.421580e-06	-1.299916e-05	-2.422987e-05	-1.114967e-04	-2.105159e-07	-6.977968e-07	-2.639735e-06	 1.876951e-02	 1.048479e-04	 3.090824e-07	 8.332779e-13	 1.158473e-04	
-1.156636e-04	 5.299315e-04	 3.296511e-05	 4.571729e+01	-2.769491e-01	-1.014790e-02	-4.752439e-03	-5.874130e-03	 4.433665e+01	-5.895122e-01	-1.878109e+00	 4.946588e+01	 1.746773e+00	-2.285557e+01	-5.951157e+01	-1.902722e+00	-1.615147e-02	 7.939283e-02	-2.388237e+00	-1.862194e+01	-5.618945e-04	-5.349455e-04	 1.368157e-04	-5.416206e-04	 4.578310e-04	 2.739165e-03	-1.111107e-04	 6.116763e-04	 9.606773e-04	 6.541188e-04	-2.987042e-03	 1.034132e-04	-3.237194e-04	 4.423623e-03	 8.174703e-04	-5.043539e-01	-3.305096e-03	-4.953256e-05	-2.213284e-11	-3.398822e-03	
 3.361584e-06	-1.564636e-05	 1.788512e-07	-2.897712e+00	 7.952796e-03	 3.436586e-04	 1.786955e-04	 1.556725e-04	-5.895122e-01	 7.939798e-02	-7.542315e-02	-5.893441e-01	 1.244949e+00	 2.296393e+00	 9.768608e-01	 4.992167e-02	-6.198863e-03	 4.080832e-03	 1.210494e-01	 1.270074e-01	 1.953667e-05	 2.140075e-05	-9.215143e-06	 2.017298e-05	-9.065116e-06	-2.275296e-04	-2.415010e-05	 5.058520e-07	 1.442434e-05	 9.203348e-06	 5.757935e-05	-1.661130e-04	 9.567093e-06	-2.173008e-05	 2.959304e-08	 1.332826e-02	 9.561585e-05	 1.439705e-06	 7.487460e-13	 1.326910e-04	
 1.012044e-05	-3.422696e-05	-4.861569e-05	-2.931178e+00	 1.753403e-02	-5.678760e-05	-5.453840e-05	 3.227532e-04	-1.878109e+00	-7.542315e-02	 3.747642e+00	-3.354225e+01	-9.255939e+00	 2.089025e+00	 2.560048e+00	 7.933468e-02	-1.750831e-01	 7.238898e-03	 2.073898e+00	 1.954437e+00	-8.048324e-06	 1.640837e-05	 1.947906e-04	 4.041544e-05	 1.274611e-04	 1.430932e-03	 5.936252e-05	-5.003033e-05	 2.969062e-04	-6.197080e-05	-2.504185e-04	-2.318072e-03	 1.765085e-04	-4.003735e-04	-5.878324e-06	 2.589913e-02	 2.195301e-04	 4.332721e-06	-1.210701e-13	-2.734013e-04	
-3.134514e-04	 1.425830e-03	 8.161191e-04	 1.061262e+01	-7.328455e-01	-2.275685e-02	-1.584587e-02	-1.962692e-02	 4.946588e+01	-5.893441e-01	-3.354225e+01	 8.569701e+02	 1.268174e+02	-1.936491e+01	-3.634355e+01	-1.533186e+01	-3.380474e+00	 3.272815e+00	-1.256919e+01	-1.777164e+01	-1.367466e-03	-2.610527e-03	-2.020819e-03	-2.133192e-03	-1.929596e-03	-4.693235e-03	 3.325075e-03	-2.727660e-03	-1.411515e-03	 4.245650e-03	 1.059431e-04	 2.372785e-02	 5.838948e-03	 5.186530e-03	 3.782895e-03	-1.705044e+00	-9.043409e-03	-1.342340e-04	-4.963433e-11	-7.017936e-03	
-1.911829e-04	 9.874692e-04	 3.451067e-04	 5.832152e+01	-5.019312e-01	-1.014610e-02	-3.211791e-03	-8.961131e-03	 1.746773e+00	 1.244949e+00	-9.255939e+00	 1.268174e+02	 9.281532e+01	 6.409938e+01	 3.012473e+01	-1.291330e+01	-6.168769e-03	-9.979641e-01	 1.892248e+00	 2.005678e+00	-4.962413e-04	-6.226510e-04	-1.501867e-03	-7.548399e-04	-2.701464e-03	-7.490831e-03	 9.813807e-04	 1.615647e-03	-2.669983e-03	 2.714900e-03	 5.441518e-03	 3.277133e-02	-9.897869e-05	 8.233221e-04	 7.525928e-04	-7.604586e-01	-6.257144e-03	-8.186933e-05	-2.211044e-11	-5.414639e-04	
-3.176521e-05	 2.773452e-04	 1.660555e-04	-1.781227e+01	-1.371600e-01	 2.025004e-03	 3.296595e-03	-1.693802e-03	-2.285557e+01	 2.296393e+00	 2.089025e+00	-1.936491e+01	 6.409938e+01	 1.104938e+02	 6.918500e+01	-1.066637e+01	-4.663572e-01	-4.746180e-01	 2.595987e+00	 3.437540e+00	 1.637718e-04	 2.287798e-04	-9.502292e-04	 1.148324e-04	-1.762369e-03	-7.738475e-03	 4.454982e-04	 3.173232e-04	-1.136592e-04	 2.331602e-03	 6.116997e-03	 1.490308e-02	 5.885856e-04	-2.122882e-03	 5.007018e-04	-1.431176e-01	-1.845460e-03	-1.360064e-05	 4.429835e-12	 3.234805e-03	
 4.461653e-05	-2.451397e-04	 2.558132e-04	-3.573837e+01	 1.084483e-01	 1.060929e-02	 5.843242e-03	 2.030392e-03	-5.951157e+01	 9.768608e-01	 2.560048e+00	-3.634355e+01	 3.012473e+01	 6.918500e+01	 1.191094e+02	-9.284753e+00	-1.291166e-01	-3.728168e-01	-2.319186e+00	 1.306049e+01	 7.367580e-04	 6.691851e-04	-9.327134e-04	 7.204359e-04	-1.987342e-03	-7.876035e-03	 1.989061e-03	 6.553336e-05	-2.645222e-03	 6.614051e-04	 9.368658e-03	 2.012308e-02	 5.631529e-04	-7.209770e-03	 1.271510e-03	 1.730725e-01	 1.191800e-03	 1.910103e-05	 2.315941e-11	 5.697042e-03	
-4.429716e-05	 2.465479e-04	-2.311528e-05	 8.961308e+00	-1.185391e-01	-5.481162e-03	-3.199020e-03	-2.273668e-03	-1.902722e+00	 4.992167e-02	 7.933468e-02	-1.533186e+01	-1.291330e+01	-1.066637e+01	-9.284753e+00	 7.351928e+00	-4.696951e-02	-8.576054e-02	-4.722304e-01	-2.153953e-01	-3.331840e-04	-4.124264e-04	 4.377453e-04	-3.187486e-04	 5.887981e-04	 1.741907e-03	-5.891660e-04	-2.418939e-04	 1.129532e-03	-1.792052e-05	 5.377452e-04	-1.148041e-03	 1.233479e-05	-2.249882e-04	-3.319447e-05	-1.940614e-01	-1.432049e-03	-1.896902e-05	-1.197372e-11	-2.325499e-03	
 9.718844e-08	 7.211100e-06	-1.102827e-06	-2.193315e+00	-4.275908e-03	-3.393493e-04	 2.894219e-04	-9.523469e-05	-1.615147e-02	-6.198863e-03	-1.750831e-01	-3.380474e+00	-6.168769e-03	-4.663572e-01	-1.291166e-01	-4.696951e-02	 3.488879e+00	 4.362227e-01	 1.431437e-01	 2.570241e-01	 1.421483e-05	 4.061257e-05	-1.320628e-04	 7.606393e-05	 3.038306e-04	-1.099753e-03	-3.178659e-04	 3.998634e-04	 7.726137e-05	-3.456563e-04	-2.614994e-04	-1.168893e-03	 2.917804e-04	 4.059420e-06	 1.890814e-05	-8.507960e-03	-6.117510e-05	 4.306298e-08	-7.387494e-13	-1.710464e-05	
-7.811982e-06	 2.695568e-05	-8.038012e-06	-1.915333e+01	-2.055839e-02	-6.869301e-04	-2.152958e-04	-1.278868e-04	 7.939283e-02	 4.080832e-03	 7.238898e-03	 3.272815e+00	-9.979641e-01	-4.746180e-01	-3.728168e-01	-8.576054e-02	 4.362227e-01	 3.370495e+00	 2.564059e+00	 1.767795e+00	-3.467588e-06	-2.135792e-05	 1.098183e-04	-3.089447e-05	 2.376078e-04	 5.298255e-04	 1.191255e-04	-3.020108e-04	 6.761332e-06	 3.419002e-04	-2.776811e-04	-3.134672e-04	-2.948029e-04	-2.023183e-04	 8.251055e-06	-8.994071e-03	-2.299622e-04	-3.346056e-06	-1.501620e-12	-2.288731e-04	
-2.138765e-05	 1.351746e-04	-1.076940e-05	-4.158302e+00	-7.018561e-02	-3.422161e-03	-1.325446e-03	-1.565497e-03	-2.388237e+00	 1.210494e-01	 2.073898e+00	-1.256919e+01	 1.892248e+00	 2.595987e+00	-2.319186e+00	-4.722304e-01	 1.431437e-01	 2.564059e+00	 1.706178e+01	 2.582271e+01	-9.415997e-05	-1.263042e-04	 8.778599e-05	-2.012327e-04	-3.444875e-04	 1.312541e-03	 5.190875e-04	 2.601832e-04	-1.471693e-03	 6.821046e-04	-1.172742e-03	 2.008414e-03	-3.177314e-05	 2.549545e-03	-1.935863e-06	-1.370320e-01	-8.649653e-04	-9.159827e-06	-7.471965e-12	-1.303832e-03	
 1.974457e-07	 4.714253e-05	 5.268253e-05	-9.199619e-01	-1.922909e-02	-1.282061e-03	-4.832696e-04	-1.462024e-03	-1.862194e+01	 1.270074e-01	 1.954437e+00	-1.777164e+01	 2.005678e+00	 3.437540e+00	 1.306049e+01	-2.153953e-01	 2.570241e-01	 1.767795e+00	 2.582271e+01	 5.488612e+01	 1.183696e-04	 5.392830e-05	 1.581232e-05	 4.777911e-05	-1.223246e-03	 6.270800e-04	-7.506905e-05	-2.188398e-04	-1.560172e-03	 1.471069e-03	-1.884652e-03	 5.059667e-03	 5.262351e-05	 4.608944e-03	 7.516387e-04	-1.348770e-01	-3.049328e-04	 8.553719e-08	-2.806434e-12	-4.432456e-04	
 4.835119e-08	-6.007748e-07	-5.668545e-08	-2.851823e-02	 2.451976e-04	 6.845424e-06	 3.003226e-06	 3.741981e-06	-5.618945e-04	 1.953667e-05	-8.048324e-06	-1.367466e-03	-4.962413e-04	 1.637718e-04	 7.367580e-04	-3.331840e-04	 1.421483e-05	-3.467588e-06	-9.415997e-05	 1.183696e-04	 3.178907e-05	 8.624277e-06	 2.695655e-08	 3.124721e-06	-7.803124e-08	-2.768719e-06	-7.902110e-09	-7.388231e-07	-1.288235e-06	-1.663645e-06	-5.050265e-07	 1.487705e-06	-3.951095e-08	-6.175475e-08	 6.684820e-07	 3.239798e-04	 3.339948e-06	 2.070787e-08	 1.491576e-14	 1.491803e-06	
 5.775285e-08	-7.181668e-07	-6.482010e-08	-1.844183e-02	 2.940972e-04	 7.277714e-06	 3.589606e-06	 4.380442e-06	-5.349455e-04	 2.140075e-05	 1.640837e-05	-2.610527e-03	-6.226510e-04	 2.287798e-04	 6.691851e-04	-4.124264e-04	 4.061257e-05	-2.135792e-05	-1.263042e-04	 5.392830e-05	 8.624277e-06	 2.487207e-05	 5.584833e-07	 1.240955e-05	-5.630483e-07	 1.512926e-06	-1.581687e-07	-1.115713e-06	-7.269463e-07	-2.404423e-06	 4.612158e-08	 1.125064e-06	-5.512506e-08	-1.993573e-08	 4.626498e-07	 3.782259e-04	 4.012743e-06	 2.473331e-08	 1.587045e-14	 1.409291e-06	
 1.887753e-08	 3.366409e-08	-7.558773e-08	 4.315130e-02	-1.838537e-05	-1.072535e-06	-3.269003e-07	-4.781580e-07	 1.368157e-04	-9.215143e-06	 1.947906e-04	-2.020819e-03	-1.501867e-03	-9.502292e-04	-9.327134e-04	 4.377453e-04	-1.320628e-04	 1.098183e-04	 8.778599e-05	 1.581232e-05	 2.695655e-08	 5.584833e-07	 1.053363e-03	 2.782746e-07	 1.341640e-05	 3.058302e-05	-9.572067e-07	 2.233093e-06	-8.633699e-06	 2.021596e-06	-8.614390e-06	 9.283138e-06	-5.695471e-08	-7.614020e-08	 1.528141e-07	-4.804912e-05	-1.818915e-07	 8.121172e-09	-2.311939e-15	-6.764781e-07	
 6.328502e-08	-7.266895e-07	-7.438168e-08	-7.501873e-02	 2.871467e-04	 7.778650e-06	 3.690747e-06	 4.031984e-06	-5.416206e-04	 2.017298e-05	 4.041544e-05	-2.133192e-03	-7.548399e-04	 1.148324e-04	 7.204359e-04	-3.187486e-04	 7.606393e-05	-3.089447e-05	-2.012327e-04	 4.777911e-05	 3.124721e-06	 1.240955e-05	 2.782746e-07	 4.714360e-05	 1.524421e-06	 1.188777e-06	-1.596006e-07	-2.040161e-06	 2.847216e-06	-3.200574e-06	 7.261644e-07	 3.654461e-06	-5.120983e-08	-6.602255e-08	 1.121650e-06	 3.446784e-04	 3.902702e-06	 2.710281e-08	 1.694345e-14	 1.632115e-06	
 1.014147e-07	-2.198658e-07	 4.534452e-08	-4.007501e-01	 6.563698e-05	-2.505359e-06	 1.053667e-06	-8.920739e-07	 4.578310e-04	-9.065116e-06	 1.274611e-04	-1.929596e-03	-2.701464e-03	-1.762369e-03	-1.987342e-03	 5.887981e-04	 3.038306e-04	 2.376078e-04	-3.444875e-04	-1.223246e-03	-7.803124e-08	-5.630483e-07	 1.341640e-05	 1.524421e-06	 2.183799e-03	 8.426501e-05	-1.672825e-06	-2.928927e-06	-1.309082e-05	-1.053333e-05	-1.454164e-05	-5.859872e-05	-1.595779e-08	-1.113258e-07	 3.145035e-07	-1.177414e-04	 6.828654e-07	 4.343462e-08	-5.419472e-15	-1.715969e-06	
 2.467715e-07	-1.008839e-06	-2.938729e-07	 8.791485e-01	 5.780772e-04	 5.496164e-06	 3.184676e-06	 6.304834e-06	 2.739165e-03	-2.275296e-04	 1.430932e-03	-4.693235e-03	-7.490831e-03	-7.738475e-03	-7.876035e-03	 1.741907e-03	-1.099753e-03	 5.298255e-04	 1.312541e-03	 6.270800e-04	-2.768719e-06	 1.512926e-06	 3.058302e-05	 1.188777e-06	 8.426501e-05	 1.678042e-02	-2.184890e-06	 1.422117e-05	-4.051608e-05	 1.754371e-05	-2.088684e-05	-5.159776e-05	-2.160797e-07	-3.956645e-08	-2.209592e-07	 4.867949e-04	 6.720042e-06	 1.058170e-07	 1.234014e-14	-1.505419e-06	
-7.517033e-08	 1.097076e-07	 4.290166e-07	-3.881961e-02	-9.489829e-05	-1.799155e-06	-7.497759e-07	-1.491390e-06	-1.111107e-04	-2.415010e-05	 5.936252e-05	 3.325075e-03	 9.813807e-04	 4.454982e-04	 1.989061e-03	-5.891660e-04	-3.178659e-04	 1.191255e-04	 5.190875e-04	-7.506905e-05	-7.902110e-09	-1.581687e-07	-9.572067e-07	-1.596006e-07	-1.672825e-06	-2.184890e-06	 1.433213e-03	 3.007221e-04	 8.779441e-05	-3.774512e-04	-1.015681e-04	-1.089560e-04	 1.297105e-07	-1.303712e-07	 1.126927e-08	-1.140636e-04	-1.063847e-06	-3.223752e-08	-3.946625e-15	 3.538687e-07	
-5.800237e-08	 5.039803e-07	-1.629646e-07	-7.754727e-02	-2.657911e-04	-5.628816e-06	-2.067274e-07	-3.300130e-06	 6.116763e-04	 5.058520e-07	-5.003033e-05	-2.727660e-03	 1.615647e-03	 3.173232e-04	 6.553336e-05	-2.418939e-04	 3.998634e-04	-3.020108e-04	 2.601832e-04	-2.188398e-04	-7.388231e-07	-1.115713e-06	 2.233093e-06	-2.040161e-06	-2.928927e-06	 1.422117e-05	 3.007221e-04	 8.483709e-04	 2.865105e-05	 7.381192e-04	 4.603294e-05	-6.462185e-04	-1.873309e-07	-4.572502e-08	 2.575112e-07	-2.919294e-04	-3.365888e-06	-2.483445e-08	-1.219696e-14	-6.662285e-07	
-1.114738e-07	 7.245020e-07	-3.725071e-07	 8.626191e-02	-2.092274e-04	-1.208961e-05	-1.149179e-06	-5.421580e-06	 9.606773e-04	 1.442434e-05	 2.969062e-04	-1.411515e-03	-2.669983e-03	-1.136592e-04	-2.645222e-03	 1.129532e-03	 7.726137e-05	 6.761332e-06	-1.471693e-03	-1.560172e-03	-1.288235e-06	-7.269463e-07	-8.633699e-06	 2.847216e-06	-1.309082e-05	-4.051608e-05	 8.779441e-05	 2.865105e-05	 7.089320e-03	-3.130134e-04	 7.120239e-04	 4.538405e-03	-3.162272e-08	 2.290606e-08	-6.170796e-07	-4.869821e-04	-2.791660e-06	-4.785765e-08	-2.604453e-14	-3.382435e-06	
-2.671366e-07	 2.016848e-06	-4.029006e-08	 4.621268e-02	-1.029844e-03	-1.985482e-05	-4.094358e-06	-1.299916e-05	 6.541188e-04	 9.203348e-06	-6.197080e-05	 4.245650e-03	 2.714900e-03	 2.331602e-03	 6.614051e-04	-1.792052e-05	-3.456563e-04	 3.419002e-04	 6.821046e-04	 1.471069e-03	-1.663645e-06	-2.404423e-06	 2.021596e-06	-3.200574e-06	-1.053333e-05	 1.754371e-05	-3.774512e-04	 7.381192e-04	-3.130134e-04	 2.897701e-03	 4.920941e-04	-8.748247e-04	-7.469442e-09	 2.989553e-07	 1.126939e-06	-1.088407e-03	-1.289361e-05	-1.143363e-07	-4.350825e-14	-1.733290e-06	
-6.764881e-07	 3.577628e-06	 1.032767e-06	 7.022413e-01	-1.901464e-03	-3.962560e-05	-9.332770e-06	-2.422987e-05	-2.987042e-03	 5.757935e-05	-2.504185e-04	 1.059431e-04	 5.441518e-03	 6.116997e-03	 9.368658e-03	 5.377452e-04	-2.614994e-04	-2.776811e-04	-1.172742e-03	-1.884652e-03	-5.050265e-07	 4.612158e-08	-8.614390e-06	 7.261644e-07	-1.454164e-05	-2.088684e-05	-1.015681e-04	 4.603294e-05	 7.120239e-04	 4.920941e-04	 6.490973e-03	 7.784451e-03	 1.378589e-07	-6.261794e-07	-1.499246e-07	-1.973316e-03	-2.336065e-05	-2.896548e-07	-8.657444e-14	-2.989901e-06	
-2.673023e-06	 1.514706e-05	 3.558815e-06	 1.253495e+00	-7.972659e-03	-1.645853e-04	-3.953530e-05	-1.114967e-04	 1.034132e-04	-1.661130e-04	-2.318072e-03	 2.372785e-02	 3.277133e-02	 1.490308e-02	 2.012308e-02	-1.148041e-03	-1.168893e-03	-3.134672e-04	 2.008414e-03	 5.059667e-03	 1.487705e-06	 1.125064e-06	 9.283138e-06	 3.654461e-06	-5.859872e-05	-5.159776e-05	-1.089560e-04	-6.462185e-04	 4.538405e-03	-8.748247e-04	 7.784451e-03	 6.496214e-02	-6.770254e-07	-1.891920e-06	 1.058020e-05	-9.352053e-03	-9.895010e-05	-1.145052e-06	-3.587847e-13	-1.303423e-05	
 3.453531e-09	-5.956734e-09	 6.958710e-09	-1.362232e-03	 5.675129e-06	-2.071324e-07	-2.093318e-07	-2.105159e-07	-3.237194e-04	 9.567093e-06	 1.765085e-04	 5.838948e-03	-9.897869e-05	 5.885856e-04	 5.631529e-04	 1.233479e-05	 2.917804e-04	-2.948029e-04	-3.177314e-05	 5.262351e-05	-3.951095e-08	-5.512506e-08	-5.695471e-08	-5.120983e-08	-1.595779e-08	-2.160797e-07	 1.297105e-07	-1.873309e-07	-3.162272e-08	-7.469442e-09	 1.378589e-07	-6.770254e-07	 5.991246e-07	-9.551594e-09	-4.422142e-09	-2.050158e-05	 5.465678e-08	 1.478231e-09	-4.529368e-16	-1.744594e-07	
-9.748688e-09	 6.522044e-08	 9.558860e-09	 1.025519e-02	-2.901287e-05	-1.233818e-06	-3.680810e-07	-6.977968e-07	 4.423623e-03	-2.173008e-05	-4.003735e-04	 5.186530e-03	 8.233221e-04	-2.122882e-03	-7.209770e-03	-2.249882e-04	 4.059420e-06	-2.023183e-04	 2.549545e-03	 4.608944e-03	-6.175475e-08	-1.993573e-08	-7.614020e-08	-6.602255e-08	-1.113258e-07	-3.956645e-08	-1.303712e-07	-4.572502e-08	 2.290606e-08	 2.989553e-07	-6.261794e-07	-1.891920e-06	-9.551594e-09	 2.110404e-06	-1.069078e-08	-6.109070e-05	-3.721250e-07	-4.174506e-09	-2.690046e-15	-3.575673e-07	
 1.495566e-08	-3.725705e-07	 2.202623e-07	-3.810127e-02	 1.335068e-04	 6.715366e-06	 4.057011e-07	-2.639735e-06	 8.174703e-04	 2.959304e-08	-5.878324e-06	 3.782895e-03	 7.525928e-04	 5.007018e-04	 1.271510e-03	-3.319447e-05	 1.890814e-05	 8.251055e-06	-1.935863e-06	 7.516387e-04	 6.684820e-07	 4.626498e-07	 1.528141e-07	 1.121650e-06	 3.145035e-07	-2.209592e-07	 1.126927e-08	 2.575112e-07	-6.170796e-07	 1.126939e-06	-1.499246e-07	 1.058020e-05	-4.422142e-09	-1.069078e-08	 6.145961e-06	-2.539046e-04	 1.808215e-06	 6.400727e-09	 1.462295e-14	 1.993726e-06	
 5.802149e-05	-1.515369e-03	 6.399138e-04	 1.513814e+02	 6.942524e-01	 3.468749e-02	 2.871932e-03	 1.876951e-02	-5.043539e-01	 1.332826e-02	 2.589913e-02	-1.705044e+00	-7.604586e-01	-1.431176e-01	 1.730725e-01	-1.940614e-01	-8.507960e-03	-8.994071e-03	-1.370320e-01	-1.348770e-01	 3.239798e-04	 3.782259e-04	-4.804912e-05	 3.446784e-04	-1.177414e-04	 4.867949e-04	-1.140636e-04	-2.919294e-04	-4.869821e-04	-1.088407e-03	-1.973316e-03	-9.352053e-03	-2.050158e-05	-6.109070e-05	-2.539046e-04	 1.710224e+00	 9.263594e-03	 2.484195e-05	 7.570333e-11	 1.068303e-02	
 7.442818e-07	-1.688028e-05	 6.978945e-06	 2.057785e+00	 7.865615e-03	 1.900902e-04	 2.633522e-05	 1.048479e-04	-3.305096e-03	 9.561585e-05	 2.195301e-04	-9.043409e-03	-6.257144e-03	-1.845460e-03	 1.191800e-03	-1.432049e-03	-6.117510e-05	-2.299622e-04	-8.649653e-04	-3.049328e-04	 3.339948e-06	 4.012743e-06	-1.818915e-07	 3.902702e-06	 6.828654e-07	 6.720042e-06	-1.063847e-06	-3.365888e-06	-2.791660e-06	-1.289361e-05	-2.336065e-05	-9.895010e-05	 5.465678e-08	-3.721250e-07	 1.808215e-06	 9.263594e-03	 1.042602e-04	 3.187000e-07	 4.157369e-13	 3.591249e-05	
 1.063364e-08	-4.786286e-08	-1.184481e-08	-3.241220e-03	 2.663325e-05	 5.247166e-07	 1.579129e-07	 3.090824e-07	-4.953256e-05	 1.439705e-06	 4.332721e-06	-1.342340e-04	-8.186933e-05	-1.360064e-05	 1.910103e-05	-1.896902e-05	 4.306298e-08	-3.346056e-06	-9.159827e-06	 8.553719e-08	 2.070787e-08	 2.473331e-08	 8.121172e-09	 2.710281e-08	 4.343462e-08	 1.058170e-07	-3.223752e-08	-2.483445e-08	-4.785765e-08	-1.143363e-07	-2.896548e-07	-1.145052e-06	 1.478231e-09	-4.174506e-09	 6.400727e-09	 2.484195e-05	 3.187000e-07	 4.553849e-09	 1.143517e-15	 4.671492e-08	
 2.671201e-15	-6.731163e-14	 3.287112e-14	 7.524270e-09	 3.147259e-11	 1.610525e-12	 1.157093e-13	 8.332779e-13	-2.213284e-11	 7.487460e-13	-1.210701e-13	-4.963433e-11	-2.211044e-11	 4.429835e-12	 2.315941e-11	-1.197372e-11	-7.387494e-13	-1.501620e-12	-7.471965e-12	-2.806434e-12	 1.491576e-14	 1.587045e-14	-2.311939e-15	 1.694345e-14	-5.419472e-15	 1.234014e-14	-3.946625e-15	-1.219696e-14	-2.604453e-14	-4.350825e-14	-8.657444e-14	-3.587847e-13	-4.529368e-16	-2.690046e-15	 1.462295e-14	 7.570333e-11	 4.157369e-13	 1.143517e-15	 3.518951e-21	 5.055109e-13	
 1.092093e-07	-5.154747e-06	 3.901518e-06	 1.580827e+00	 2.806272e-03	 2.314928e-04	 1.137714e-05	 1.158473e-04	-3.398822e-03	 1.326910e-04	-2.734013e-04	-7.017936e-03	-5.414639e-04	 3.234805e-03	 5.697042e-03	-2.325499e-03	-1.710464e-05	-2.288731e-04	-1.303832e-03	-4.432456e-04	 1.491803e-06	 1.409291e-06	-6.764781e-07	 1.632115e-06	-1.715969e-06	-1.505419e-06	 3.538687e-07	-6.662285e-07	-3.382435e-06	-1.733290e-06	-2.989901e-06	-1.303423e-05	-1.744594e-07	-3.575673e-07	 1.993726e-06	 1.068303e-02	 3.591249e-05	 4.671492e-08	 5.055109e-13	 8.595455e-05	
