#          omega_b,        omega_cdm,   omega_ini_dcdm,       Gamma_dcdm,               H0,     ln10^{10}A_s,              n_s,         tau_reio,        A_cib_217,        xi_sz_cib,             A_sz,     ps_A_100_100,     ps_A_143_143,     ps_A_143_217,     ps_A_217_217,         ksz_norm,     gal545_A_100,     gal545_A_143, gal545_A_143_217,     gal545_A_217,    galf_EE_A_100, galf_EE_A_100_143, galf_EE_A_100_217,    galf_EE_A_143, galf_EE_A_143_217,    galf_EE_A_217,    galf_TE_A_100, galf_TE_A_100_143, galf_TE_A_100_217,    galf_TE_A_143, galf_TE_A_143_217,    galf_TE_A_217,       calib_100T,       calib_217T,         A_planck,           z_reio,     Omega_Lambda,              YHe,              A_s,           sigma8
 2.214505e-08	-4.247711e-08	-7.809431e-08	-9.386515e-05	 6.359285e-05	 1.030031e-06	 3.362754e-07	 6.093255e-07	-1.012520e-04	 3.202876e-06	 7.488902e-06	-2.930104e-04	-1.692569e-04	-2.374040e-05	 3.985773e-05	-4.465860e-05	 4.762583e-07	-6.793323e-06	-2.227514e-05	-5.042803e-06	 4.924073e-08	 5.694570e-08	 6.884332e-09	 5.743047e-08	 1.121371e-07	 2.515697e-07	-1.011515e-07	-6.399962e-08	-8.077322e-08	-2.398237e-07	-5.446009e-07	-2.465297e-06	 2.421262e-09	-8.376399e-09	 1.236451e-08	 4.875806e-05	 7.412648e-07	 9.480793e-09	 2.239924e-15	 8.076128e-08	
-4.247711e-08	 5.673862e-04	-5.661767e-04	 3.156343e-01	-1.001243e-03	-8.720012e-05	-1.105435e-06	-4.432065e-05	-8.991068e-05	-1.466655e-05	 4.717695e-05	-2.022548e-03	 7.618197e-04	 1.070591e-03	 1.225700e-03	-6.486114e-04	 3.247733e-04	 4.171486e-05	 3.806070e-04	 7.101303e-04	 3.590281e-07	-1.824939e-07	 1.096129e-06	 4.266324e-07	-4.667314e-06	-1.200446e-05	 1.540063e-06	 1.089924e-06	-2.859625e-06	 1.623638e-06	 2.161821e-06	 8.096558e-06	-7.499648e-09	 1.299888e-07	-6.231303e-07	-4.180450e-03	-2.673236e-05	-1.821130e-08	-1.886453e-13	-1.976323e-05	
-7.809431e-08	-5.661767e-04	 5.668531e-04	-3.136962e-01	 2.234894e-04	 7.194130e-05	-3.988083e-06	 3.444684e-05	 6.776015e-04	-5.630533e-06	-9.938406e-05	 4.263858e-03	 4.184916e-04	-8.386575e-04	-1.352948e-03	 9.213469e-04	-3.481752e-04	-2.975668e-05	-2.253889e-04	-5.867323e-04	-1.046151e-06	-6.125500e-07	-1.090932e-06	-1.233207e-06	 4.324955e-06	 1.158858e-05	-7.450452e-07	-8.149079e-07	 2.991101e-06	-2.676082e-07	 8.284539e-07	 7.781241e-06	 1.300484e-08	-6.855230e-08	 5.638871e-07	 3.319067e-03	 1.648089e-05	-3.341065e-08	 1.555367e-13	 1.816449e-05	
-9.386515e-05	 3.156343e-01	-3.136962e-01	 5.937860e+02	 3.990188e-01	 1.422058e-02	-3.793624e-03	 3.696107e-03	 7.395741e-01	-2.475387e-02	 2.497007e-02	 3.222138e+00	 2.140027e+00	 1.539115e+00	 1.277702e+00	-8.145570e-01	-7.937324e-02	-2.023528e-01	 2.394827e-01	 7.857825e-01	-4.130840e-04	-6.152191e-04	 1.517147e-03	-1.756072e-04	-1.425237e-03	-2.064901e-03	 6.710072e-04	 3.943919e-04	-1.850506e-03	 2.837226e-03	-6.609015e-04	 1.542023e-02	 3.528139e-05	 2.630408e-04	 9.961105e-04	 3.410080e-01	 1.409759e-02	-4.029580e-05	 3.202523e-11	-1.736869e-03	
 6.359285e-05	-1.001243e-03	 2.234894e-04	 3.990188e-01	 3.710987e-01	 8.208320e-03	 2.164712e-03	 4.955933e-03	-2.890313e-01	 1.032658e-02	 2.336570e-02	-1.036560e+00	-5.567187e-01	-9.537690e-02	 7.592215e-02	-1.395912e-01	 7.303633e-03	-1.345390e-02	-7.454471e-02	-4.282560e-02	 2.885986e-04	 3.353376e-04	-3.001029e-06	 3.410921e-04	 2.008866e-04	 3.885528e-04	-4.103758e-04	-1.673079e-04	-1.469709e-04	-7.109131e-04	-1.580273e-03	-7.989333e-03	 2.261599e-07	-2.620686e-05	 5.283630e-05	 4.335664e-01	 5.149403e-03	 2.722594e-05	 1.783073e-11	 1.014900e-03	
 1.030031e-06	-8.720012e-05	 7.194130e-05	 1.422058e-02	 8.208320e-03	 5.904704e-04	 5.238787e-05	 3.095812e-04	-8.779441e-03	 3.780424e-04	 1.590162e-04	-2.754526e-02	-9.623363e-03	 3.568705e-03	 8.444420e-03	-5.469796e-03	-1.579162e-04	-5.231348e-04	-2.921149e-03	-1.324844e-03	 6.624315e-06	 7.815730e-06	-6.877930e-07	 8.153237e-06	-9.531325e-07	-6.420824e-07	-1.137603e-05	-3.195010e-06	 1.753387e-06	-1.605051e-05	-2.640414e-05	-1.301664e-04	-2.975129e-07	-8.445602e-07	 5.053473e-06	 2.859775e-02	 1.287676e-04	 4.408718e-07	 1.281245e-12	 1.836078e-04	
 3.362754e-07	-1.105435e-06	-3.988083e-06	-3.793624e-03	 2.164712e-03	 5.238787e-05	 2.305022e-05	 3.340100e-05	-4.822250e-03	 1.802443e-04	-5.012438e-05	-1.617941e-02	-3.338865e-03	 3.341058e-03	 5.787158e-03	-3.225829e-03	 3.428659e-04	-1.651263e-04	-1.350589e-03	-5.915827e-04	 3.138597e-06	 3.668581e-06	-3.864563e-09	 3.766543e-06	 8.278455e-07	-6.689963e-07	-2.054680e-06	-5.567988e-07	 2.252005e-08	-3.525370e-06	-5.768998e-06	-3.766716e-05	-2.248124e-07	-3.598642e-07	-2.330161e-07	 2.962194e-03	 2.846273e-05	 1.439422e-07	 1.136509e-13	 1.159727e-05	
 6.093255e-07	-4.432065e-05	 3.444684e-05	 3.696107e-03	 4.955933e-03	 3.095812e-04	 3.340100e-05	 1.715883e-04	-5.393352e-03	 1.837623e-04	 3.987117e-04	-2.246867e-02	-8.535714e-03	-4.363104e-04	 1.536634e-03	-2.488120e-03	 6.197163e-05	-4.237792e-05	-1.389478e-03	-1.462377e-03	 3.735538e-06	 4.801995e-06	-6.118911e-07	 4.410712e-06	 3.574094e-07	-4.136516e-07	-6.139441e-06	-1.438360e-06	 7.448187e-07	-9.493121e-06	-1.460054e-05	-9.023031e-05	-2.643269e-07	-4.991792e-07	-3.435229e-06	 1.582219e-02	 7.560564e-05	 2.608071e-07	 6.716758e-13	 9.301349e-05	
-1.012520e-04	-8.991068e-05	 6.776015e-04	 7.395741e-01	-2.890313e-01	-8.779441e-03	-4.822250e-03	-5.393352e-03	 4.454806e+01	-5.894987e-01	-1.896249e+00	 4.923343e+01	 1.649222e+00	-2.306353e+01	-5.992658e+01	-1.875593e+00	 2.989843e-02	 4.138461e-02	-2.479896e+00	-1.884693e+01	-3.829042e-04	-4.038991e-04	 3.713591e-04	-4.050129e-04	-1.527540e-04	 2.427941e-03	-2.463645e-05	 7.672971e-04	 1.497652e-03	 8.933111e-04	-3.509751e-03	 7.452023e-03	-3.199056e-04	 4.422303e-03	 9.562488e-04	-4.695930e-01	-3.368016e-03	-4.333688e-05	-1.905657e-11	-2.962443e-03	
 3.202876e-06	-1.466655e-05	-5.630533e-06	-2.475387e-02	 1.032658e-02	 3.780424e-04	 1.802443e-04	 1.837623e-04	-5.894987e-01	 7.926950e-02	-7.343961e-02	-5.997209e-01	 1.243066e+00	 2.292026e+00	 9.713266e-01	 5.479240e-02	-4.934315e-03	 7.752105e-03	 1.271044e-01	 1.319121e-01	 1.923315e-05	 1.996287e-05	-1.529343e-05	 2.134813e-05	-2.002869e-05	-1.779897e-04	 2.268291e-06	-1.527573e-05	-3.628702e-05	-2.033491e-05	-2.975434e-05	-1.178050e-04	 9.137198e-06	-2.207713e-05	-3.034435e-06	 1.596125e-02	 1.300155e-04	 1.370866e-06	 8.215572e-13	 1.299968e-04	
 7.488902e-06	 4.717695e-05	-9.938406e-05	 2.497007e-02	 2.336570e-02	 1.590162e-04	-5.012438e-05	 3.987117e-04	-1.896249e+00	-7.343961e-02	 3.747071e+00	-3.359944e+01	-9.246305e+00	 2.145508e+00	 2.607853e+00	 6.676392e-02	-1.774966e-01	 5.969937e-03	 2.099622e+00	 2.014294e+00	 2.787384e-05	 3.035635e-05	 4.394822e-05	 1.018526e-04	 3.916175e-04	 9.772851e-04	-8.081267e-06	-2.511959e-05	 5.526665e-04	-1.005219e-04	-2.692629e-04	-3.597775e-03	 1.736097e-04	-3.933401e-04	-2.300359e-06	 3.488332e-02	 2.707832e-04	 3.206337e-06	 3.369797e-13	-1.259861e-04	
-2.930104e-04	-2.022548e-03	 4.263858e-03	 3.222138e+00	-1.036560e+00	-2.754526e-02	-1.617941e-02	-2.246867e-02	 4.923343e+01	-5.997209e-01	-3.359944e+01	 8.536194e+02	 1.251728e+02	-2.101697e+01	-3.730330e+01	-1.467413e+01	-3.333677e+00	 3.415644e+00	-1.276354e+01	-1.817479e+01	-2.231112e-03	-2.403325e-03	-1.991772e-03	-2.652756e-03	-3.280367e-03	-3.686084e-03	 1.123614e-03	-1.926290e-03	 9.264100e-04	 1.037318e-02	 2.110808e-03	 6.378809e-02	 5.800602e-03	 4.980350e-03	 4.239382e-03	-2.005469e+00	-1.264487e-02	-1.254221e-04	-5.963942e-11	-8.367995e-03	
-1.692569e-04	 7.618197e-04	 4.184916e-04	 2.140027e+00	-5.567187e-01	-9.623363e-03	-3.338865e-03	-8.535714e-03	 1.649222e+00	 1.243066e+00	-9.246305e+00	 1.251728e+02	 9.207456e+01	 6.337221e+01	 2.956166e+01	-1.252181e+01	-4.652565e-02	-9.681195e-01	 1.719500e+00	 1.648990e+00	-7.297561e-04	-8.164713e-04	-8.376549e-04	-9.448871e-04	-3.461054e-03	-5.240867e-03	 1.655915e-03	 8.235777e-04	 1.028632e-03	 2.444360e-03	 5.413557e-03	 3.833847e-02	-1.193157e-04	 7.412134e-04	 7.478062e-04	-7.408830e-01	-6.745513e-03	-7.246096e-05	-2.082007e-11	-7.519602e-04	
-2.374040e-05	 1.070591e-03	-8.386575e-04	 1.539115e+00	-9.537690e-02	 3.568705e-03	 3.341058e-03	-4.363104e-04	-2.306353e+01	 2.292026e+00	 2.145508e+00	-2.101697e+01	 6.337221e+01	 1.098195e+02	 6.881009e+01	-1.028742e+01	-4.971360e-01	-3.616474e-01	 2.672241e+00	 3.417119e+00	 1.526496e-04	 6.611158e-05	-1.131362e-03	 2.894558e-04	-2.373353e-03	-5.970675e-03	 7.721437e-04	-4.179626e-04	 2.447593e-03	 1.234344e-03	 4.434673e-03	 1.491458e-02	 5.510315e-04	-2.193698e-03	 3.186257e-04	-3.482440e-02	-1.123081e-03	-1.017815e-05	 7.796580e-12	 3.187090e-03	
 3.985773e-05	 1.225700e-03	-1.352948e-03	 1.277702e+00	 7.592215e-02	 8.444420e-03	 5.787158e-03	 1.536634e-03	-5.992658e+01	 9.713266e-01	 2.607853e+00	-3.730330e+01	 2.956166e+01	 6.881009e+01	 1.192841e+02	-9.068565e+00	-2.497726e-01	-3.187541e-01	-2.275032e+00	 1.315654e+01	 4.658440e-04	 3.221705e-04	-9.791850e-04	 6.042821e-04	-2.280153e-03	-4.958191e-03	 3.901220e-04	-1.334791e-03	 1.201560e-03	-2.534584e-04	 9.404531e-03	 1.322063e-02	 5.365524e-04	-7.259884e-03	 8.806168e-04	 1.272024e-01	 8.189871e-04	 1.704586e-05	 1.837937e-11	 4.687246e-03	
-4.465860e-05	-6.486114e-04	 9.213469e-04	-8.145570e-01	-1.395912e-01	-5.469796e-03	-3.225829e-03	-2.488120e-03	-1.875593e+00	 5.479240e-02	 6.676392e-02	-1.467413e+01	-1.252181e+01	-1.028742e+01	-9.068565e+00	 7.221679e+00	-1.807616e-02	-8.934609e-02	-3.864164e-01	-2.304398e-02	-2.913590e-04	-3.808628e-04	 2.623222e-04	-3.670690e-04	 9.308309e-04	 1.583342e-03	 5.783465e-05	 1.201569e-04	-9.025870e-04	 3.033847e-04	-7.391928e-05	-1.082853e-03	 2.497669e-05	-1.902287e-04	 1.036512e-04	-2.160922e-01	-1.728467e-03	-1.911241e-05	-1.189007e-11	-2.160133e-03	
 4.762583e-07	 3.247733e-04	-3.481752e-04	-7.937324e-02	 7.303633e-03	-1.579162e-04	 3.428659e-04	 6.197163e-05	 2.989843e-02	-4.934315e-03	-1.774966e-01	-3.333677e+00	-4.652565e-02	-4.971360e-01	-2.497726e-01	-1.807616e-02	 3.498012e+00	 4.300951e-01	 1.444476e-01	 2.393787e-01	 4.527233e-05	 9.079573e-05	 1.133129e-04	 1.041450e-04	 1.825304e-04	 6.431495e-04	-1.872790e-04	 1.461547e-04	 5.966397e-04	-4.103776e-04	-3.161978e-04	-1.541081e-03	 3.001880e-04	 1.155268e-05	-1.009741e-05	 6.355461e-03	 6.571254e-05	 2.053175e-07	-3.578845e-13	 7.224027e-06	
-6.793323e-06	 4.171486e-05	-2.975668e-05	-2.023528e-01	-1.345390e-02	-5.231348e-04	-1.651263e-04	-4.237792e-05	 4.138461e-02	 7.752105e-03	 5.969937e-03	 3.415644e+00	-9.681195e-01	-3.616474e-01	-3.187541e-01	-8.934609e-02	 4.300951e-01	 3.364456e+00	 2.548881e+00	 1.730657e+00	 5.624404e-05	 3.337151e-05	-4.452309e-05	 6.736266e-06	 2.231107e-05	 1.371505e-04	 4.495543e-04	-2.221671e-04	 1.954495e-04	 3.378930e-05	 1.272554e-04	-4.094041e-04	-2.852083e-04	-2.157091e-04	 6.863615e-06	-1.160912e-03	-1.807773e-04	-2.909616e-06	-1.145630e-12	-1.559704e-04	
-2.227514e-05	 3.806070e-04	-2.253889e-04	 2.394827e-01	-7.454471e-02	-2.921149e-03	-1.350589e-03	-1.389478e-03	-2.479896e+00	 1.271044e-01	 2.099622e+00	-1.276354e+01	 1.719500e+00	 2.672241e+00	-2.275032e+00	-3.864164e-01	 1.444476e-01	 2.548881e+00	 1.702837e+01	 2.577317e+01	-1.899997e-04	-1.134677e-04	 1.002361e-04	-2.588401e-04	 2.238747e-05	-8.872126e-04	 7.359214e-04	 5.576550e-04	-4.219423e-04	 9.512442e-04	-1.304084e-03	 1.770033e-03	-1.138696e-05	 2.520774e-03	 2.984934e-05	-1.223773e-01	-9.104188e-04	-9.532150e-06	-6.340528e-12	-1.050704e-03	
-5.042803e-06	 7.101303e-04	-5.867323e-04	 7.857825e-01	-4.282560e-02	-1.324844e-03	-5.915827e-04	-1.462377e-03	-1.884693e+01	 1.319121e-01	 2.014294e+00	-1.817479e+01	 1.648990e+00	 3.417119e+00	 1.315654e+01	-2.304398e-02	 2.393787e-01	 1.730657e+00	 2.577317e+01	 5.484325e+01	-1.559094e-04	-4.834961e-05	 2.262964e-05	-2.420881e-04	 2.303605e-04	-2.752985e-03	 4.205519e-04	 6.542461e-04	-5.641870e-04	 2.731521e-03	-1.971595e-03	 7.234775e-05	 9.794162e-05	 4.555929e-03	 6.961446e-04	-1.360702e-01	-5.128988e-04	-2.155844e-06	-2.860933e-12	-4.084063e-04	
 4.924073e-08	 3.590281e-07	-1.046151e-06	-4.130840e-04	 2.885986e-04	 6.624315e-06	 3.138597e-06	 3.735538e-06	-3.829042e-04	 1.923315e-05	 2.787384e-05	-2.231112e-03	-7.297561e-04	 1.526496e-04	 4.658440e-04	-2.913590e-04	 4.527233e-05	 5.624404e-05	-1.899997e-04	-1.559094e-04	 3.200806e-05	 8.660116e-06	 6.394681e-07	 3.044500e-06	-4.661184e-08	 5.572350e-07	-8.190626e-07	-4.398496e-07	-6.510508e-07	-5.545754e-08	-2.298191e-06	-4.799146e-06	-6.252237e-08	-6.957370e-08	 6.450362e-07	 3.263084e-04	 3.798121e-06	 2.107657e-08	 1.436231e-14	 1.360793e-06	
 5.694570e-08	-1.824939e-07	-6.125500e-07	-6.152191e-04	 3.353376e-04	 7.815730e-06	 3.668581e-06	 4.801995e-06	-4.038991e-04	 1.996287e-05	 3.035635e-05	-2.403325e-03	-8.164713e-04	 6.611158e-05	 3.221705e-04	-3.808628e-04	 9.079573e-05	 3.337151e-05	-1.134677e-04	-4.834961e-05	 8.660116e-06	 2.475878e-05	 1.258292e-07	 1.236131e-05	 5.910560e-07	 1.584307e-06	-1.471633e-06	-6.482876e-07	-1.214179e-06	-6.794149e-07	-1.773230e-06	-9.595863e-06	-6.134396e-08	-3.409706e-08	 3.510024e-07	 4.229273e-04	 4.431405e-06	 2.437492e-08	 1.694726e-14	 1.631731e-06	
 6.884332e-09	 1.096129e-06	-1.090932e-06	 1.517147e-03	-3.001029e-06	-6.877930e-07	-3.864563e-09	-6.118911e-07	 3.713591e-04	-1.529343e-05	 4.394822e-05	-1.991772e-03	-8.376549e-04	-1.131362e-03	-9.791850e-04	 2.623222e-04	 1.133129e-04	-4.452309e-05	 1.002361e-04	 2.262964e-05	 6.394681e-07	 1.258292e-07	 1.061616e-03	 4.270153e-07	 2.387377e-06	 4.150546e-05	-5.222697e-07	-6.328153e-07	-2.761643e-06	-2.313377e-06	-2.138780e-06	 4.332089e-06	-5.237720e-08	-3.853756e-09	 4.308884e-07	-5.984127e-05	 1.832711e-08	 2.907881e-09	-1.541951e-15	-4.310727e-07	
 5.743047e-08	 4.266324e-07	-1.233207e-06	-1.756072e-04	 3.410921e-04	 8.153237e-06	 3.766543e-06	 4.410712e-06	-4.050129e-04	 2.134813e-05	 1.018526e-04	-2.652756e-03	-9.448871e-04	 2.894558e-04	 6.042821e-04	-3.670690e-04	 1.041450e-04	 6.736266e-06	-2.588401e-04	-2.420881e-04	 3.044500e-06	 1.236131e-05	 4.270153e-07	 4.706157e-05	 3.962286e-07	 1.428961e-06	-1.202655e-06	-1.476844e-06	 3.706240e-07	-2.463886e-06	-7.789715e-07	-3.030695e-06	-4.926121e-08	-6.441939e-08	 9.507267e-07	 3.851265e-04	 4.547916e-06	 2.458623e-08	 1.769046e-14	 1.721031e-06	
 1.121371e-07	-4.667314e-06	 4.324955e-06	-1.425237e-03	 2.008866e-04	-9.531325e-07	 8.278455e-07	 3.574094e-07	-1.527540e-04	-2.002869e-05	 3.916175e-04	-3.280367e-03	-3.461054e-03	-2.373353e-03	-2.280153e-03	 9.308309e-04	 1.825304e-04	 2.231107e-05	 2.238747e-05	 2.303605e-04	-4.661184e-08	 5.910560e-07	 2.387377e-06	 3.962286e-07	 2.177371e-03	 9.593115e-05	 8.380017e-07	 3.011753e-06	-2.423847e-06	 1.642242e-06	-3.812388e-06	-4.654042e-05	-1.444676e-08	 5.797292e-08	 3.168724e-08	-3.506558e-06	 2.401373e-06	 4.801442e-08	-1.994858e-15	-1.830060e-06	
 2.515697e-07	-1.200446e-05	 1.158858e-05	-2.064901e-03	 3.885528e-04	-6.420824e-07	-6.689963e-07	-4.136516e-07	 2.427941e-03	-1.779897e-04	 9.772851e-04	-3.686084e-03	-5.240867e-03	-5.970675e-03	-4.958191e-03	 1.583342e-03	 6.431495e-04	 1.371505e-04	-8.872126e-04	-2.752985e-03	 5.572350e-07	 1.584307e-06	 4.150546e-05	 1.428961e-06	 9.593115e-05	 1.691900e-02	 2.502978e-06	 1.392318e-05	-1.576531e-05	 3.795513e-06	-6.052107e-05	-5.038587e-05	-2.095964e-07	-6.926856e-07	 1.681359e-06	-1.185731e-04	 4.365808e-06	 1.076699e-07	-1.429170e-15	-3.247399e-06	
-1.011515e-07	 1.540063e-06	-7.450452e-07	 6.710072e-04	-4.103758e-04	-1.137603e-05	-2.054680e-06	-6.139441e-06	-2.463645e-05	 2.268291e-06	-8.081267e-06	 1.123614e-03	 1.655915e-03	 7.721437e-04	 3.901220e-04	 5.783465e-05	-1.872790e-04	 4.495543e-04	 7.359214e-04	 4.205519e-04	-8.190626e-07	-1.471633e-06	-5.222697e-07	-1.202655e-06	 8.380017e-07	 2.502978e-06	 1.433121e-03	 2.987409e-04	 1.044761e-04	-3.753152e-04	-1.024264e-04	-1.108938e-04	 3.296909e-08	-1.264116e-07	-3.469141e-07	-5.311516e-04	-5.644983e-06	-4.331788e-08	-2.477174e-14	-1.904952e-06	
-6.399962e-08	 1.089924e-06	-8.149079e-07	 3.943919e-04	-1.673079e-04	-3.195010e-06	-5.567988e-07	-1.438360e-06	 7.672971e-04	-1.527573e-05	-2.511959e-05	-1.926290e-03	 8.235777e-04	-4.179626e-04	-1.334791e-03	 1.201569e-04	 1.461547e-04	-2.221671e-04	 5.576550e-04	 6.542461e-04	-4.398496e-07	-6.482876e-07	-6.328153e-07	-1.476844e-06	 3.011753e-06	 1.392318e-05	 2.987409e-04	 8.520684e-04	 3.617319e-05	 7.428620e-04	 3.909218e-05	-6.895282e-04	-1.455845e-07	 1.862460e-07	-2.534398e-07	-1.127759e-04	-2.017973e-06	-2.738300e-08	-6.922963e-15	-2.843469e-07	
-8.077322e-08	-2.859625e-06	 2.991101e-06	-1.850506e-03	-1.469709e-04	 1.753387e-06	 2.252005e-08	 7.448187e-07	 1.497652e-03	-3.628702e-05	 5.526665e-04	 9.264100e-04	 1.028632e-03	 2.447593e-03	 1.201560e-03	-9.025870e-04	 5.966397e-04	 1.954495e-04	-4.219423e-04	-5.641870e-04	-6.510508e-07	-1.214179e-06	-2.761643e-06	 3.706240e-07	-2.423847e-06	-1.576531e-05	 1.044761e-04	 3.617319e-05	 7.091687e-03	-3.082526e-04	 7.208122e-04	 4.606363e-03	 3.160832e-08	 3.457168e-07	 2.580601e-07	 7.625782e-05	-1.936097e-06	-3.464323e-08	 4.129619e-15	 1.905723e-06	
-2.398237e-07	 1.623638e-06	-2.676082e-07	 2.837226e-03	-7.109131e-04	-1.605051e-05	-3.525370e-06	-9.493121e-06	 8.933111e-04	-2.033491e-05	-1.005219e-04	 1.037318e-02	 2.444360e-03	 1.234344e-03	-2.534584e-04	 3.033847e-04	-4.103776e-04	 3.378930e-05	 9.512442e-04	 2.731521e-03	-5.545754e-08	-6.794149e-07	-2.313377e-06	-2.463886e-06	 1.642242e-06	 3.795513e-06	-3.753152e-04	 7.428620e-04	-3.082526e-04	 2.902596e-03	 4.857084e-04	-8.937948e-04	 1.747586e-07	 6.525944e-07	 2.786867e-07	-7.900785e-04	-8.254254e-06	-1.026685e-07	-3.499651e-14	-2.717452e-06	
-5.446009e-07	 2.161821e-06	 8.284539e-07	-6.609015e-04	-1.580273e-03	-2.640414e-05	-5.768998e-06	-1.460054e-05	-3.509751e-03	-2.975434e-05	-2.692629e-04	 2.110808e-03	 5.413557e-03	 4.434673e-03	 9.404531e-03	-7.391928e-05	-3.161978e-04	 1.272554e-04	-1.304084e-03	-1.971595e-03	-2.298191e-06	-1.773230e-06	-2.138780e-06	-7.789715e-07	-3.812388e-06	-6.052107e-05	-1.024264e-04	 3.909218e-05	 7.208122e-04	 4.857084e-04	 6.449406e-03	 7.632642e-03	-1.064907e-07	-9.393513e-07	-1.381088e-06	-1.164606e-03	-1.910254e-05	-2.331315e-07	-5.734920e-14	-9.484686e-07	
-2.465297e-06	 8.096558e-06	 7.781241e-06	 1.542023e-02	-7.989333e-03	-1.301664e-04	-3.766716e-05	-9.023031e-05	 7.452023e-03	-1.178050e-04	-3.597775e-03	 6.378809e-02	 3.833847e-02	 1.491458e-02	 1.322063e-02	-1.082853e-03	-1.541081e-03	-4.094041e-04	 1.770033e-03	 7.234775e-05	-4.799146e-06	-9.595863e-06	 4.332089e-06	-3.030695e-06	-4.654042e-05	-5.038587e-05	-1.108938e-04	-6.895282e-04	 4.606363e-03	-8.937948e-04	 7.632642e-03	 6.496312e-02	-4.510807e-07	-1.569265e-06	 8.842392e-06	-7.538042e-03	-9.691281e-05	-1.055562e-06	-2.822572e-13	-6.387542e-06	
 2.421262e-09	-7.499648e-09	 1.300484e-08	 3.528139e-05	 2.261599e-07	-2.975129e-07	-2.248124e-07	-2.643269e-07	-3.199056e-04	 9.137198e-06	 1.736097e-04	 5.800602e-03	-1.193157e-04	 5.510315e-04	 5.365524e-04	 2.497669e-05	 3.001880e-04	-2.852083e-04	-1.138696e-05	 9.794162e-05	-6.252237e-08	-6.134396e-08	-5.237720e-08	-4.926121e-08	-1.444676e-08	-2.095964e-07	 3.296909e-08	-1.455845e-07	 3.160832e-08	 1.747586e-07	-1.064907e-07	-4.510807e-07	 5.956837e-07	-5.677471e-09	 3.097500e-09	-2.575552e-05	-1.269024e-08	 1.037437e-09	-6.427779e-16	-1.841123e-07	
-8.376399e-09	 1.299888e-07	-6.855230e-08	 2.630408e-04	-2.620686e-05	-8.445602e-07	-3.598642e-07	-4.991792e-07	 4.422303e-03	-2.207713e-05	-3.933401e-04	 4.980350e-03	 7.412134e-04	-2.193698e-03	-7.259884e-03	-1.902287e-04	 1.155268e-05	-2.157091e-04	 2.520774e-03	 4.555929e-03	-6.957370e-08	-3.409706e-08	-3.853756e-09	-6.441939e-08	 5.797292e-08	-6.926856e-07	-1.264116e-07	 1.862460e-07	 3.457168e-07	 6.525944e-07	-9.393513e-07	-1.569265e-06	-5.677471e-09	 2.103458e-06	-1.871908e-09	-4.398299e-05	-2.889004e-07	-3.584439e-09	-1.827776e-15	-2.724792e-07	
 1.236451e-08	-6.231303e-07	 5.638871e-07	 9.961105e-04	 5.283630e-05	 5.053473e-06	-2.330161e-07	-3.435229e-06	 9.562488e-04	-3.034435e-06	-2.300359e-06	 4.239382e-03	 7.478062e-04	 3.186257e-04	 8.806168e-04	 1.036512e-04	-1.009741e-05	 6.863615e-06	 2.984934e-05	 6.961446e-04	 6.450362e-07	 3.510024e-07	 4.308884e-07	 9.507267e-07	 3.168724e-08	 1.681359e-06	-3.469141e-07	-2.534398e-07	 2.580601e-07	 2.786867e-07	-1.381088e-06	 8.842392e-06	 3.097500e-09	-1.871908e-09	 5.981371e-06	-3.353716e-04	 1.009593e-06	 5.298874e-09	 1.101610e-14	 1.384827e-06	
 4.875806e-05	-4.180450e-03	 3.319067e-03	 3.410080e-01	 4.335664e-01	 2.859775e-02	 2.962194e-03	 1.582219e-02	-4.695930e-01	 1.596125e-02	 3.488332e-02	-2.005469e+00	-7.408830e-01	-3.482440e-02	 1.272024e-01	-2.160922e-01	 6.355461e-03	-1.160912e-03	-1.223773e-01	-1.360702e-01	 3.263084e-04	 4.229273e-04	-5.984127e-05	 3.851265e-04	-3.506558e-06	-1.185731e-04	-5.311516e-04	-1.127759e-04	 7.625782e-05	-7.900785e-04	-1.164606e-03	-7.538042e-03	-2.575552e-05	-4.398299e-05	-3.353716e-04	 1.465231e+00	 6.706874e-03	 2.087079e-05	 6.200011e-11	 8.726504e-03	
 7.412648e-07	-2.673236e-05	 1.648089e-05	 1.409759e-02	 5.149403e-03	 1.287676e-04	 2.846273e-05	 7.560564e-05	-3.368016e-03	 1.300155e-04	 2.707832e-04	-1.264487e-02	-6.745513e-03	-1.123081e-03	 8.189871e-04	-1.728467e-03	 6.571254e-05	-1.807773e-04	-9.104188e-04	-5.128988e-04	 3.798121e-06	 4.431405e-06	 1.832711e-08	 4.547916e-06	 2.401373e-06	 4.365808e-06	-5.644983e-06	-2.017973e-06	-1.936097e-06	-8.254254e-06	-1.910254e-05	-9.691281e-05	-1.269024e-08	-2.889004e-07	 1.009593e-06	 6.706874e-03	 7.767491e-05	 3.173757e-07	 2.797538e-13	 1.596665e-05	
 9.480793e-09	-1.821130e-08	-3.341065e-08	-4.029580e-05	 2.722594e-05	 4.408718e-07	 1.439422e-07	 2.608071e-07	-4.333688e-05	 1.370866e-06	 3.206337e-06	-1.254221e-04	-7.246096e-05	-1.017815e-05	 1.704586e-05	-1.911241e-05	 2.053175e-07	-2.909616e-06	-9.532150e-06	-2.155844e-06	 2.107657e-08	 2.437492e-08	 2.907881e-09	 2.458623e-08	 4.801442e-08	 1.076699e-07	-4.331788e-08	-2.738300e-08	-3.464323e-08	-1.026685e-07	-2.331315e-07	-1.055562e-06	 1.037437e-09	-3.584439e-09	 5.298874e-09	 2.087079e-05	 3.173757e-07	 4.058985e-09	 9.587087e-16	 3.452660e-08	
 2.239924e-15	-1.886453e-13	 1.555367e-13	 3.202523e-11	 1.783073e-11	 1.281245e-12	 1.136509e-13	 6.716758e-13	-1.905657e-11	 8.215572e-13	 3.369797e-13	-5.963942e-11	-2.082007e-11	 7.796580e-12	 1.837937e-11	-1.189007e-11	-3.578845e-13	-1.145630e-12	-6.340528e-12	-2.860933e-12	 1.436231e-14	 1.694726e-14	-1.541951e-15	 1.769046e-14	-1.994858e-15	-1.429170e-15	-2.477174e-14	-6.922963e-15	 4.129619e-15	-3.499651e-14	-5.734920e-14	-2.822572e-13	-6.427779e-16	-1.827776e-15	 1.101610e-14	 6.200011e-11	 2.797538e-13	 9.587087e-16	 2.780885e-21	 3.981942e-13	
 8.076128e-08	-1.976323e-05	 1.816449e-05	-1.736869e-03	 1.014900e-03	 1.836078e-04	 1.159727e-05	 9.301349e-05	-2.962443e-03	 1.299968e-04	-1.259861e-04	-8.367995e-03	-7.519602e-04	 3.187090e-03	 4.687246e-03	-2.160133e-03	 7.224027e-06	-1.559704e-04	-1.050704e-03	-4.084063e-04	 1.360793e-06	 1.631731e-06	-4.310727e-07	 1.721031e-06	-1.830060e-06	-3.247399e-06	-1.904952e-06	-2.843469e-07	 1.905723e-06	-2.717452e-06	-9.484686e-07	-6.387542e-06	-1.841123e-07	-2.724792e-07	 1.384827e-06	 8.726504e-03	 1.596665e-05	 3.452660e-08	 3.981942e-13	 7.044960e-05	
