#          omega_b,        omega_cdm,   omega_ini_dcdm,       Gamma_dcdm,               H0,     ln10^{10}A_s,              n_s,         tau_reio,        A_cib_217,        xi_sz_cib,             A_sz,     ps_A_100_100,     ps_A_143_143,     ps_A_143_217,     ps_A_217_217,         ksz_norm,     gal545_A_100,     gal545_A_143, gal545_A_143_217,     gal545_A_217,    galf_EE_A_100, galf_EE_A_100_143, galf_EE_A_100_217,    galf_EE_A_143, galf_EE_A_143_217,    galf_EE_A_217,    galf_TE_A_100, galf_TE_A_100_143, galf_TE_A_100_217,    galf_TE_A_143, galf_TE_A_143_217,    galf_TE_A_217,       calib_100T,       calib_217T,         A_planck,           z_reio,     Omega_Lambda,              YHe,              A_s,           sigma8
 1.959625e-08	-5.354892e-08	-1.863478e-08	-1.192518e-02	 3.520798e-05	 3.211005e-07	 2.014250e-07	 1.927959e-07	-7.395827e-05	 1.670475e-06	 1.746349e-05	-3.626115e-04	-2.122658e-04	-6.196521e-05	 5.890788e-06	-3.430827e-05	-1.321102e-06	-8.647548e-06	-1.663114e-05	-1.463397e-06	 4.655480e-08	 4.672476e-08	 1.899963e-07	 4.926650e-08	 4.648635e-07	 4.632908e-07	-5.872365e-08	-8.186287e-08	-9.067671e-08	-2.231096e-07	-5.290386e-07	-1.911596e-06	 2.372877e-09	-1.937595e-09	 1.375735e-08	 1.351358e-05	 3.872860e-07	 8.363367e-09	 6.816502e-16	-8.472226e-08	
-5.354892e-08	 1.910686e-06	-9.937152e-07	 6.300161e-01	-4.359121e-04	-4.516647e-06	-2.146240e-06	-3.211887e-06	 8.775499e-05	-3.026343e-06	-4.705581e-05	 9.072406e-04	 6.358404e-04	 2.938938e-04	 1.790612e-04	 5.299856e-05	 4.705468e-06	-4.652142e-06	 1.038117e-05	-2.930046e-06	-4.367690e-07	-4.730309e-07	 3.291353e-07	-4.773257e-07	-5.647079e-07	-1.633788e-06	 5.742787e-07	 2.111043e-07	 7.073907e-07	 6.441751e-07	 1.418778e-06	 7.246282e-06	-1.837106e-09	 5.304987e-11	-1.403174e-07	-2.897233e-04	-6.390124e-06	-2.284921e-08	-9.599593e-15	 1.357591e-06	
-1.863478e-08	-9.937152e-07	 1.201704e-06	-4.427196e-01	 8.522094e-05	 2.222345e-06	-5.257900e-07	 9.133086e-07	 5.081729e-05	-6.330896e-07	-1.046855e-05	 3.429244e-04	 2.255873e-04	 1.100145e-04	 3.151508e-05	 3.377746e-05	-1.056676e-05	 1.568064e-05	 3.833886e-05	 4.573499e-05	-1.243168e-07	-1.036420e-07	-6.191051e-08	-1.147768e-07	-4.254370e-07	 3.338900e-08	-8.755416e-08	-2.236848e-08	-6.097176e-08	 2.309921e-07	 5.887671e-07	 1.442742e-06	-1.377871e-09	 4.412502e-09	-3.429243e-08	 9.495459e-05	 1.490682e-06	-7.960108e-09	 4.725568e-15	 4.487800e-07	
-1.192518e-02	 6.300161e-01	-4.427196e-01	 2.346745e+06	 6.595264e+01	 1.864295e-01	-4.439432e-01	-1.307050e-01	-2.412354e+01	-2.132687e+00	-1.569792e+01	 2.680864e+02	 1.174982e+02	 4.081830e+01	 9.899905e+01	 1.634048e+01	 1.175598e+01	 2.566126e+00	 4.821845e+00	 4.743477e+01	-6.062222e-02	-9.412862e-02	-3.693457e-01	-1.025215e-01	-7.291506e-01	 4.243592e-01	 1.561835e-01	-7.187314e-02	 1.516800e-01	-1.148477e-01	-8.053846e-02	 1.256029e+00	 1.001883e-03	 2.071654e-03	-9.574157e-04	-1.008838e+01	 2.736272e-01	-5.091924e-03	 3.906571e-10	 5.824943e-01	
 3.520798e-05	-4.359121e-04	 8.522094e-05	 6.595264e+01	 2.188064e-01	 1.927143e-03	 8.836594e-04	 1.248340e-03	-8.174145e-02	 2.026655e-03	 2.547009e-02	-5.455831e-01	-3.639788e-01	-1.450442e-01	-4.159268e-02	-4.521507e-02	-4.941680e-04	-6.134740e-03	-2.309823e-02	-1.075412e-02	 1.828097e-04	 1.832413e-04	-1.345432e-05	 1.986706e-04	 4.850842e-04	 6.308031e-04	-2.004780e-04	-1.146558e-04	-1.706429e-04	-4.529182e-04	-9.948714e-04	-3.866495e-03	 2.801034e-06	-2.066098e-06	 8.295551e-05	 1.088895e-01	 2.849462e-03	 1.502398e-05	 4.094909e-12	-4.289211e-04	
 3.211005e-07	-4.516647e-06	 2.222345e-06	 1.864295e-01	 1.927143e-03	 2.153130e-04	 9.475861e-06	 1.005774e-04	-3.199540e-03	 6.570944e-05	 7.123206e-04	-1.217633e-02	-5.405045e-03	 6.576974e-04	 6.006320e-03	-1.912847e-03	-2.077645e-04	-4.616846e-04	-6.756319e-04	 1.608798e-03	 2.416826e-06	 2.126089e-06	-9.204534e-07	 3.085083e-06	-6.714661e-06	-8.602507e-06	-9.873298e-07	 1.320573e-07	-4.490522e-06	-1.897807e-06	-1.348666e-05	-3.923951e-05	 3.975753e-09	-1.452178e-07	 9.188451e-06	 9.874412e-03	 2.510505e-05	 1.369497e-07	 4.568033e-13	 7.804574e-05	
 2.014250e-07	-2.146240e-06	-5.257900e-07	-4.439432e-01	 8.836594e-04	 9.475861e-06	 1.551088e-05	 7.923647e-06	-4.221518e-03	 9.416954e-05	 9.353118e-04	-2.325328e-02	-6.795537e-03	 1.309257e-03	 4.611856e-03	-2.242721e-03	 2.856372e-04	-3.269885e-04	-3.702624e-04	 1.147970e-03	 3.292224e-06	 3.473513e-06	 1.262257e-06	 3.662546e-06	 2.859026e-06	 5.103203e-06	-1.433689e-06	-2.671075e-07	-1.745611e-06	-1.294715e-06	-3.713928e-06	-2.313411e-05	-8.585860e-08	-6.938897e-08	 6.905057e-07	 7.010894e-04	 1.198195e-05	 8.596777e-08	 2.011638e-14	 1.765753e-07	
 1.927959e-07	-3.211887e-06	 9.133086e-07	-1.307050e-01	 1.248340e-03	 1.005774e-04	 7.923647e-06	 5.471511e-05	-1.498122e-03	 1.404411e-05	 3.882922e-04	-8.676048e-03	-4.270152e-03	-1.522945e-03	-2.599899e-04	-6.180193e-04	 4.812571e-05	 3.987016e-05	-1.421622e-04	-2.516740e-05	 1.206027e-06	 1.363895e-06	-7.098528e-07	 1.235267e-06	-1.747009e-06	-1.605736e-06	-1.427322e-06	 3.687032e-07	-1.581534e-06	-1.198063e-06	-7.805943e-06	-3.157008e-05	-6.238945e-08	-6.378990e-08	-1.265413e-06	 5.352760e-03	 1.687692e-05	 8.223643e-08	 2.134359e-13	 3.373350e-05	
-7.395827e-05	 8.775499e-05	 5.081729e-05	-2.412354e+01	-8.174145e-02	-3.199540e-03	-4.221518e-03	-1.498122e-03	 4.446137e+01	-3.873192e-01	-8.374080e-01	 3.548967e+01	 1.368287e+00	-1.322677e+01	-5.498111e+01	-1.501954e-01	 1.696816e-01	 5.450417e-01	-5.946177e+00	-3.352617e+01	-5.575513e-04	-6.716403e-04	-2.296320e-04	-7.465554e-04	 3.723721e-03	 3.061153e-03	 1.432185e-04	 1.403637e-03	 2.035433e-03	-3.923900e-05	-1.731820e-03	 5.185220e-03	-2.104093e-04	 7.086213e-04	 5.359667e-04	-1.301877e-01	-7.572848e-04	-3.156170e-05	-6.773936e-12	-1.919715e-03	
 1.670475e-06	-3.026343e-06	-6.330896e-07	-2.132687e+00	 2.026655e-03	 6.570944e-05	 9.416954e-05	 1.404411e-05	-3.873192e-01	 8.114481e-02	-4.348718e-02	-5.434510e-01	 9.091539e-01	 1.671443e+00	 6.236888e-01	 4.572794e-02	-6.441782e-03	 1.128937e-02	 1.117957e-01	 1.461452e-01	 1.286227e-06	 1.320714e-05	 8.557544e-05	 4.210281e-06	-8.490325e-05	-6.260959e-05	-1.541716e-06	 2.873960e-05	-1.012885e-05	-1.113938e-05	 6.563068e-05	-4.144071e-05	 4.287460e-06	-1.821049e-06	 1.249248e-06	 9.421031e-04	 2.092589e-05	 7.131462e-07	 1.393945e-13	 3.726267e-05	
 1.746349e-05	-4.705581e-05	-1.046855e-05	-1.569792e+01	 2.547009e-02	 7.123206e-04	 9.353118e-04	 3.882922e-04	-8.374080e-01	-4.348718e-02	 3.865088e+00	-3.008675e+01	-3.178297e+00	 7.720049e+00	 5.336806e+00	-2.721136e+00	-1.946473e-01	 1.641517e-01	 2.674881e+00	 3.351255e+00	 1.276505e-04	 2.277902e-04	 4.893865e-05	 2.232404e-04	 8.770368e-05	 2.702140e-04	-1.365836e-04	-6.826880e-05	-2.146050e-05	-3.114694e-04	-1.362833e-04	-2.324477e-03	 1.097111e-04	-3.932851e-05	 5.080743e-05	 3.341495e-02	 2.775086e-04	 7.452217e-06	 1.513656e-12	 3.448355e-04	
-3.626115e-04	 9.072406e-04	 3.429244e-04	 2.680864e+02	-5.455831e-01	-1.217633e-02	-2.325328e-02	-8.676048e-03	 3.548967e+01	-5.434510e-01	-3.008675e+01	 7.774144e+02	 6.826287e+01	-5.429349e+01	-5.990299e+01	 1.343429e+01	-6.402356e+00	 5.417386e+00	-1.227933e+01	-2.411385e+01	-3.576755e-03	-4.422170e-03	-2.099181e-03	-3.741439e-03	-7.004068e-04	 8.322389e-04	 3.256936e-03	-1.018428e-03	 3.704369e-03	 7.044315e-03	-1.027965e-02	 7.178691e-03	 3.787348e-03	 5.556226e-04	 3.131975e-03	-7.593021e-01	-5.969912e-03	-1.547418e-04	-2.585492e-11	-7.170041e-03	
-2.122658e-04	 6.358404e-04	 2.255873e-04	 1.174982e+02	-3.639788e-01	-5.405045e-03	-6.795537e-03	-4.270152e-03	 1.368287e+00	 9.091539e-01	-3.178297e+00	 6.826287e+01	 6.105810e+01	 4.022643e+01	 1.573608e+01	-5.037962e+00	-4.035642e-01	-1.303223e+00	 3.542892e+00	 4.540070e+00	-1.628218e-03	-1.484626e-03	-1.677482e-04	-1.570191e-03	-5.982766e-03	-4.683924e-03	 4.356408e-04	 8.693086e-04	 2.157170e-04	 1.629422e-03	 4.320585e-03	 3.259203e-02	 1.026089e-04	 9.334549e-05	 5.529718e-04	-3.626686e-01	-4.108326e-03	-9.058821e-05	-1.147396e-11	-1.048555e-03	
-6.196521e-05	 2.938938e-04	 1.100145e-04	 4.081830e+01	-1.450442e-01	 6.576974e-04	 1.309257e-03	-1.522945e-03	-1.322677e+01	 1.671443e+00	 7.720049e+00	-5.429349e+01	 4.022643e+01	 8.514222e+01	 5.340134e+01	-1.194336e+01	-8.141501e-01	-6.181112e-01	 5.183598e+00	 8.705167e+00	-4.606755e-04	 9.877807e-05	 2.411005e-03	-1.325610e-04	-8.064918e-03	-3.439374e-03	-9.531083e-04	-1.337509e-04	 6.233981e-04	 2.016455e-03	 3.595875e-03	 7.162635e-03	 4.423247e-04	-3.950755e-04	 5.773741e-04	-1.314813e-01	-1.771365e-03	-2.643635e-05	 1.384153e-12	 2.009169e-03	
 5.890788e-06	 1.790612e-04	 3.151508e-05	 9.899905e+01	-4.159268e-02	 6.006320e-03	 4.611856e-03	-2.599899e-04	-5.498111e+01	 6.236888e-01	 5.336806e+00	-5.990299e+01	 1.573608e+01	 5.340134e+01	 1.038544e+02	-9.348207e+00	-6.245027e-01	-1.211109e+00	 5.699326e+00	 3.386746e+01	 5.457792e-04	 7.414932e-04	 1.025341e-03	 9.425286e-04	-1.077569e-02	-6.099458e-03	-6.875320e-04	-2.226903e-03	-1.860036e-03	 2.185984e-03	 5.461667e-03	 2.504549e-04	 4.751293e-04	-1.339672e-03	 1.512683e-03	-2.293831e-02	-6.951032e-04	 2.518320e-06	 1.269562e-11	 4.380040e-03	
-3.430827e-05	 5.299856e-05	 3.377746e-05	 1.634048e+01	-4.521507e-02	-1.912847e-03	-2.242721e-03	-6.180193e-04	-1.501954e-01	 4.572794e-02	-2.721136e+00	 1.343429e+01	-5.037962e+00	-1.194336e+01	-9.348207e+00	 5.896053e+00	 9.079726e-02	-2.120867e-01	-2.113434e+00	-2.392602e+00	-3.086444e-04	-4.060955e-04	-2.858944e-04	-3.933703e-04	 2.154790e-03	 1.608376e-03	 3.719252e-04	 2.674188e-04	 2.397667e-04	-3.052226e-04	 6.280766e-04	 1.249502e-03	-7.947209e-05	 8.426515e-06	-8.137982e-05	-5.220535e-02	-4.642936e-04	-1.464509e-05	-4.051925e-12	-1.078019e-03	
-1.321102e-06	 4.705468e-06	-1.056676e-05	 1.175598e+01	-4.941680e-04	-2.077645e-04	 2.856372e-04	 4.812571e-05	 1.696816e-01	-6.441782e-03	-1.946473e-01	-6.402356e+00	-4.035642e-01	-8.141501e-01	-6.245027e-01	 9.079726e-02	 3.355692e+00	 5.398801e-01	 1.684053e-01	 1.191127e-01	 7.416452e-05	 1.027322e-04	 5.442051e-05	 9.673565e-05	 8.903552e-04	-5.088784e-05	-1.672259e-04	 3.529373e-04	 3.575371e-04	-7.304659e-04	-7.217562e-04	-1.029477e-03	 1.759288e-04	-5.315829e-06	 1.702929e-06	 5.034792e-03	-2.960778e-07	-5.616448e-07	-4.402779e-13	 2.867617e-06	
-8.647548e-06	-4.652142e-06	 1.568064e-05	 2.566126e+00	-6.134740e-03	-4.616846e-04	-3.269885e-04	 3.987016e-05	 5.450417e-01	 1.128937e-02	 1.641517e-01	 5.417386e+00	-1.303223e+00	-6.181112e-01	-1.211109e+00	-2.120867e-01	 5.398801e-01	 3.152651e+00	 2.693044e+00	 2.690191e+00	-7.180993e-05	-1.630025e-05	-2.243744e-04	-2.997452e-05	 1.002905e-03	 1.655044e-03	 2.945977e-04	-2.260404e-04	 9.263162e-05	-2.455077e-04	-6.724023e-04	-8.021853e-04	-1.800370e-04	-3.932635e-05	-8.499124e-07	 6.202301e-03	-4.297686e-05	-3.688637e-06	-9.794170e-13	-2.291365e-04	
-1.663114e-05	 1.038117e-05	 3.833886e-05	 4.821845e+00	-2.309823e-02	-6.756319e-04	-3.702624e-04	-1.421622e-04	-5.946177e+00	 1.117957e-01	 2.674881e+00	-1.227933e+01	 3.542892e+00	 5.183598e+00	 5.699326e+00	-2.113434e+00	 1.684053e-01	 2.693044e+00	 1.085212e+01	 1.944624e+01	-1.407251e-04	-1.087550e-05	-9.746257e-04	-1.092664e-05	-1.771003e-04	-1.623453e-03	 6.130453e-04	 1.113112e-04	-6.355759e-04	-1.016890e-03	-4.227748e-04	 8.013838e-03	-1.458666e-05	 4.086658e-04	 2.423702e-05	-9.847036e-03	-2.248099e-04	-7.099639e-06	-1.430712e-12	-2.107669e-04	
-1.463397e-06	-2.930046e-06	 4.573499e-05	 4.743477e+01	-1.075412e-02	 1.608798e-03	 1.147970e-03	-2.516740e-05	-3.352617e+01	 1.461452e-01	 3.351255e+00	-2.411385e+01	 4.540070e+00	 8.705167e+00	 3.386746e+01	-2.392602e+00	 1.191127e-01	 2.690191e+00	 1.944624e+01	 5.402667e+01	 2.637544e-04	 3.789611e-04	-1.294991e-03	 5.132839e-04	-2.619399e-03	-3.217300e-03	 8.321508e-04	-6.282650e-04	-1.418008e-03	-7.795205e-04	-5.778185e-04	 1.467117e-02	 8.591861e-05	 9.314342e-04	 8.685835e-04	-2.133314e-03	-1.248894e-04	-6.308360e-07	 3.405949e-12	 1.080295e-03	
 4.655480e-08	-4.367690e-07	-1.243168e-07	-6.062222e-02	 1.828097e-04	 2.416826e-06	 3.292224e-06	 1.206027e-06	-5.575513e-04	 1.286227e-06	 1.276505e-04	-3.576755e-03	-1.628218e-03	-4.606755e-04	 5.457792e-04	-3.086444e-04	 7.416452e-05	-7.180993e-05	-1.407251e-04	 2.637544e-04	 5.037336e-05	 1.342788e-05	-4.635223e-07	 5.069359e-06	 2.096541e-06	 1.483820e-06	-2.082845e-06	 5.201915e-08	-2.637141e-06	 7.591090e-07	-3.470004e-06	-8.107999e-06	-3.458658e-08	-9.312217e-10	 9.720396e-07	 1.014296e-04	 2.470677e-06	 1.987229e-08	 5.112498e-15	 1.838076e-07	
 4.672476e-08	-4.730309e-07	-1.036420e-07	-9.412862e-02	 1.832413e-04	 2.126089e-06	 3.473513e-06	 1.363895e-06	-6.716403e-04	 1.320714e-05	 2.277902e-04	-4.422170e-03	-1.484626e-03	 9.877807e-05	 7.414932e-04	-4.060955e-04	 1.027322e-04	-1.630025e-05	-1.087550e-05	 3.789611e-04	 1.342788e-05	 3.250199e-05	 6.054643e-07	 1.612711e-05	 4.799539e-06	 4.436233e-06	-1.918190e-06	-1.075565e-06	-1.347367e-06	-2.592750e-06	-1.957503e-06	-4.824128e-06	-3.914198e-08	-5.446191e-10	 7.399796e-07	 1.162691e-04	 2.525889e-06	 1.994778e-08	 4.507298e-15	 5.072946e-08	
 1.899963e-07	 3.291353e-07	-6.191051e-08	-3.693457e-01	-1.345432e-05	-9.204534e-07	 1.262257e-06	-7.098528e-07	-2.296320e-04	 8.557544e-05	 4.893865e-05	-2.099181e-03	-1.677482e-04	 2.411005e-03	 1.025341e-03	-2.858944e-04	 5.442051e-05	-2.243744e-04	-9.746257e-04	-1.294991e-03	-4.635223e-07	 6.054643e-07	 6.427092e-03	 2.990306e-06	 1.735623e-04	 3.311038e-04	 8.677066e-06	-1.192082e-06	 2.114144e-06	 8.222767e-06	-1.168438e-05	-3.216481e-06	-3.717920e-08	-9.333665e-08	 6.483302e-07	-1.267669e-04	-8.216929e-07	 8.108492e-08	-1.764188e-15	-3.200322e-07	
 4.926650e-08	-4.773257e-07	-1.147768e-07	-1.025215e-01	 1.986706e-04	 3.085083e-06	 3.662546e-06	 1.235267e-06	-7.465554e-04	 4.210281e-06	 2.232404e-04	-3.741439e-03	-1.570191e-03	-1.325610e-04	 9.425286e-04	-3.933703e-04	 9.673565e-05	-2.997452e-05	-1.092664e-05	 5.132839e-04	 5.069359e-06	 1.612711e-05	 2.990306e-06	 5.734227e-05	 5.984146e-06	-7.105073e-07	-4.813481e-07	-2.996211e-06	-9.825625e-07	-5.216648e-06	-2.118035e-06	-2.278632e-06	-3.156355e-08	-2.413737e-08	 1.400428e-06	 1.025240e-04	 2.725006e-06	 2.103255e-08	 6.537573e-15	 3.990697e-07	
 4.648635e-07	-5.647079e-07	-4.254370e-07	-7.291506e-01	 4.850842e-04	-6.714661e-06	 2.859026e-06	-1.747009e-06	 3.723721e-03	-8.490325e-05	 8.770368e-05	-7.004068e-04	-5.982766e-03	-8.064918e-03	-1.077569e-02	 2.154790e-03	 8.903552e-04	 1.002905e-03	-1.771003e-04	-2.619399e-03	 2.096541e-06	 4.799539e-06	 1.735623e-04	 5.984146e-06	 8.582581e-03	 7.311231e-04	 1.270218e-05	 6.346250e-07	-9.072443e-06	-1.389809e-05	-4.177729e-05	-2.263402e-04	-3.132769e-07	-5.847703e-08	 1.946214e-06	-3.020584e-04	 4.965511e-06	 1.983341e-07	-1.415267e-14	-6.990212e-06	
 4.632908e-07	-1.633788e-06	 3.338900e-08	 4.243592e-01	 6.308031e-04	-8.602507e-06	 5.103203e-06	-1.605736e-06	 3.061153e-03	-6.260959e-05	 2.702140e-04	 8.322389e-04	-4.683924e-03	-3.439374e-03	-6.099458e-03	 1.608376e-03	-5.088784e-05	 1.655044e-03	-1.623453e-03	-3.217300e-03	 1.483820e-06	 4.436233e-06	 3.311038e-04	-7.105073e-07	 7.311231e-04	 3.286124e-02	-6.924488e-06	-1.433459e-05	-1.697224e-05	 1.951929e-07	 1.581691e-05	 1.396866e-04	-5.513918e-07	 2.997062e-07	 2.275098e-06	-2.787898e-04	 7.096817e-06	 1.977714e-07	-1.841371e-14	-8.553652e-06	
-5.872365e-08	 5.742787e-07	-8.755416e-08	 1.561835e-01	-2.004780e-04	-9.873298e-07	-1.433689e-06	-1.427322e-06	 1.432185e-04	-1.541716e-06	-1.365836e-04	 3.256936e-03	 4.356408e-04	-9.531083e-04	-6.875320e-04	 3.719252e-04	-1.672259e-04	 2.945977e-04	 6.130453e-04	 8.321508e-04	-2.082845e-06	-1.918190e-06	 8.677066e-06	-4.813481e-07	 1.270218e-05	-6.924488e-06	 1.454905e-03	 2.772097e-04	 9.438782e-05	-3.794580e-04	-9.526372e-05	-9.295150e-05	 1.074727e-07	-4.471185e-08	 3.815975e-07	-1.214991e-04	-2.704855e-06	-2.505681e-08	-2.100589e-15	 1.017346e-06	
-8.186287e-08	 2.111043e-07	-2.236848e-08	-7.187314e-02	-1.146558e-04	 1.320573e-07	-2.671075e-07	 3.687032e-07	 1.403637e-03	 2.873960e-05	-6.826880e-05	-1.018428e-03	 8.693086e-04	-1.337509e-04	-2.226903e-03	 2.674188e-04	 3.529373e-04	-2.260404e-04	 1.113112e-04	-6.282650e-04	 5.201915e-08	-1.075565e-06	-1.192082e-06	-2.996211e-06	 6.346250e-07	-1.433459e-05	 2.772097e-04	 8.707559e-04	 3.301741e-05	 7.355699e-04	 4.403427e-05	-7.115237e-04	-4.624289e-08	 9.293033e-08	-2.465343e-07	 5.595686e-05	-1.148851e-06	-3.492481e-08	 3.224694e-16	 7.845575e-07	
-9.067671e-08	 7.073907e-07	-6.097176e-08	 1.516800e-01	-1.706429e-04	-4.490522e-06	-1.745611e-06	-1.581534e-06	 2.035433e-03	-1.012885e-05	-2.146050e-05	 3.704369e-03	 2.157170e-04	 6.233981e-04	-1.860036e-03	 2.397667e-04	 3.575371e-04	 9.263162e-05	-6.355759e-04	-1.418008e-03	-2.637141e-06	-1.347367e-06	 2.114144e-06	-9.825625e-07	-9.072443e-06	-1.697224e-05	 9.438782e-05	 3.301741e-05	 7.207046e-03	-3.148126e-04	 6.587241e-04	 4.531848e-03	 5.943305e-08	 2.204570e-07	-1.084927e-06	-1.251666e-04	-2.100955e-06	-3.871089e-08	-9.536308e-15	-4.158006e-07	
-2.231096e-07	 6.441751e-07	 2.309921e-07	-1.148477e-01	-4.529182e-04	-1.897807e-06	-1.294715e-06	-1.198063e-06	-3.923900e-05	-1.113938e-05	-3.114694e-04	 7.044315e-03	 1.629422e-03	 2.016455e-03	 2.185984e-03	-3.052226e-04	-7.304659e-04	-2.455077e-04	-1.016890e-03	-7.795205e-04	 7.591090e-07	-2.592750e-06	 8.222767e-06	-5.216648e-06	-1.389809e-05	 1.951929e-07	-3.794580e-04	 7.355699e-04	-3.148126e-04	 2.970300e-03	 5.275265e-04	-9.351796e-04	 6.316297e-11	 4.290041e-08	-3.339908e-07	-5.380586e-05	-4.947568e-06	-9.522567e-08	-4.040917e-15	 2.012769e-06	
-5.290386e-07	 1.418778e-06	 5.887671e-07	-8.053846e-02	-9.948714e-04	-1.348666e-05	-3.713928e-06	-7.805943e-06	-1.731820e-03	 6.563068e-05	-1.362833e-04	-1.027965e-02	 4.320585e-03	 3.595875e-03	 5.461667e-03	 6.280766e-04	-7.217562e-04	-6.724023e-04	-4.227748e-04	-5.778185e-04	-3.470004e-06	-1.957503e-06	-1.168438e-05	-2.118035e-06	-4.177729e-05	 1.581691e-05	-9.526372e-05	 4.403427e-05	 6.587241e-04	 5.275265e-04	 6.432414e-03	 7.914280e-03	-1.812657e-07	-7.967743e-08	-4.317500e-07	-6.234910e-04	-1.090482e-05	-2.256643e-07	-2.857672e-14	 9.187991e-07	
-1.911596e-06	 7.246282e-06	 1.442742e-06	 1.256029e+00	-3.866495e-03	-3.923951e-05	-2.313411e-05	-3.157008e-05	 5.185220e-03	-4.144071e-05	-2.324477e-03	 7.178691e-03	 3.259203e-02	 7.162635e-03	 2.504549e-04	 1.249502e-03	-1.029477e-03	-8.021853e-04	 8.013838e-03	 1.467117e-02	-8.107999e-06	-4.824128e-06	-3.216481e-06	-2.278632e-06	-2.263402e-04	 1.396866e-04	-9.295150e-05	-7.115237e-04	 4.531848e-03	-9.351796e-04	 7.914280e-03	 7.036174e-02	 1.779074e-07	 1.986321e-07	 4.838514e-06	-2.541078e-03	-4.424507e-05	-8.157734e-07	-8.366987e-14	 8.289160e-06	
 2.372877e-09	-1.837106e-09	-1.377871e-09	 1.001883e-03	 2.801034e-06	 3.975753e-09	-8.585860e-08	-6.238945e-08	-2.104093e-04	 4.287460e-06	 1.097111e-04	 3.787348e-03	 1.026089e-04	 4.423247e-04	 4.751293e-04	-7.947209e-05	 1.759288e-04	-1.800370e-04	-1.458666e-05	 8.591861e-05	-3.458658e-08	-3.914198e-08	-3.717920e-08	-3.156355e-08	-3.132769e-07	-5.513918e-07	 1.074727e-07	-4.624289e-08	 5.943305e-08	 6.316297e-11	-1.812657e-07	 1.779074e-07	 3.765924e-07	-8.183264e-10	-6.971454e-09	-6.836873e-06	 2.671905e-08	 1.013107e-09	 7.985599e-18	-4.562241e-08	
-1.937595e-09	 5.304987e-11	 4.412502e-09	 2.071654e-03	-2.066098e-06	-1.452178e-07	-6.938897e-08	-6.378990e-08	 7.086213e-04	-1.821049e-06	-3.932851e-05	 5.556226e-04	 9.334549e-05	-3.950755e-04	-1.339672e-03	 8.426515e-06	-5.315829e-06	-3.932635e-05	 4.086658e-04	 9.314342e-04	-9.312217e-10	-5.446191e-10	-9.333665e-08	-2.413737e-08	-5.847703e-08	 2.997062e-07	-4.471185e-08	 9.293033e-08	 2.204570e-07	 4.290041e-08	-7.967743e-08	 1.986321e-07	-8.183264e-10	 3.879267e-07	-6.974416e-09	-5.889530e-06	-1.862017e-08	-8.273003e-10	-3.074436e-16	-6.282164e-08	
 1.375735e-08	-1.403174e-07	-3.429243e-08	-9.574157e-04	 8.295551e-05	 9.188451e-06	 6.905057e-07	-1.265413e-06	 5.359667e-04	 1.249248e-06	 5.080743e-05	 3.131975e-03	 5.529718e-04	 5.773741e-04	 1.512683e-03	-8.137982e-05	 1.702929e-06	-8.499124e-07	 2.423702e-05	 8.685835e-04	 9.720396e-07	 7.399796e-07	 6.483302e-07	 1.400428e-06	 1.946214e-06	 2.275098e-06	 3.815975e-07	-2.465343e-07	-1.084927e-06	-3.339908e-07	-4.317500e-07	 4.838514e-06	-6.971454e-09	-6.974416e-09	 6.102244e-06	-1.320082e-04	 1.126231e-06	 5.873377e-09	 1.945391e-14	 3.268078e-06	
 1.351358e-05	-2.897233e-04	 9.495459e-05	-1.008838e+01	 1.088895e-01	 9.874412e-03	 7.010894e-04	 5.352760e-03	-1.301877e-01	 9.421031e-04	 3.341495e-02	-7.593021e-01	-3.626686e-01	-1.314813e-01	-2.293831e-02	-5.220535e-02	 5.034792e-03	 6.202301e-03	-9.847036e-03	-2.133314e-03	 1.014296e-04	 1.162691e-04	-1.267669e-04	 1.025240e-04	-3.020584e-04	-2.787898e-04	-1.214991e-04	 5.595686e-05	-1.251666e-04	-5.380586e-05	-6.234910e-04	-2.541078e-03	-6.836873e-06	-5.889530e-06	-1.320082e-04	 5.258744e-01	 1.491511e-03	 5.763222e-06	 2.094855e-11	 3.401390e-03	
 3.872860e-07	-6.390124e-06	 1.490682e-06	 2.736272e-01	 2.849462e-03	 2.510505e-05	 1.198195e-05	 1.687692e-05	-7.572848e-04	 2.092589e-05	 2.775086e-04	-5.969912e-03	-4.108326e-03	-1.771365e-03	-6.951032e-04	-4.642936e-04	-2.960778e-07	-4.297686e-05	-2.248099e-04	-1.248894e-04	 2.470677e-06	 2.525889e-06	-8.216929e-07	 2.725006e-06	 4.965511e-06	 7.096817e-06	-2.704855e-06	-1.148851e-06	-2.100955e-06	-4.947568e-06	-1.090482e-05	-4.424507e-05	 2.671905e-08	-1.862017e-08	 1.126231e-06	 1.491511e-03	 3.826659e-05	 1.652643e-07	 5.334826e-14	-6.635028e-06	
 8.363367e-09	-2.284921e-08	-7.960108e-09	-5.091924e-03	 1.502398e-05	 1.369497e-07	 8.596777e-08	 8.223643e-08	-3.156170e-05	 7.131462e-07	 7.452217e-06	-1.547418e-04	-9.058821e-05	-2.643635e-05	 2.518320e-06	-1.464509e-05	-5.616448e-07	-3.688637e-06	-7.099639e-06	-6.308360e-07	 1.987229e-08	 1.994778e-08	 8.108492e-08	 2.103255e-08	 1.983341e-07	 1.977714e-07	-2.505681e-08	-3.492481e-08	-3.871089e-08	-9.522567e-08	-2.256643e-07	-8.157734e-07	 1.013107e-09	-8.273003e-10	 5.873377e-09	 5.763222e-06	 1.652643e-07	 3.569391e-09	 2.907222e-16	-3.618648e-08	
 6.816502e-16	-9.599593e-15	 4.725568e-15	 3.906571e-10	 4.094909e-12	 4.568033e-13	 2.011638e-14	 2.134359e-13	-6.773936e-12	 1.393945e-13	 1.513656e-12	-2.585492e-11	-1.147396e-11	 1.384153e-12	 1.269562e-11	-4.051925e-12	-4.402779e-13	-9.794170e-13	-1.430712e-12	 3.405949e-12	 5.112498e-15	 4.507298e-15	-1.764188e-15	 6.537573e-15	-1.415267e-14	-1.841371e-14	-2.100589e-15	 3.224694e-16	-9.536308e-15	-4.040917e-15	-2.857672e-14	-8.366987e-14	 7.985599e-18	-3.074436e-16	 1.945391e-14	 2.094855e-11	 5.334826e-14	 2.907222e-16	 9.692461e-22	 1.655508e-13	
-8.472226e-08	 1.357591e-06	 4.487800e-07	 5.824943e-01	-4.289211e-04	 7.804574e-05	 1.765753e-07	 3.373350e-05	-1.919715e-03	 3.726267e-05	 3.448355e-04	-7.170041e-03	-1.048555e-03	 2.009169e-03	 4.380040e-03	-1.078019e-03	 2.867617e-06	-2.291365e-04	-2.107669e-04	 1.080295e-03	 1.838076e-07	 5.072946e-08	-3.200322e-07	 3.990697e-07	-6.990212e-06	-8.553652e-06	 1.017346e-06	 7.845575e-07	-4.158006e-07	 2.012769e-06	 9.187991e-07	 8.289160e-06	-4.562241e-08	-6.282164e-08	 3.268078e-06	 3.401390e-03	-6.635028e-06	-3.618648e-08	 1.655508e-13	 3.735907e-05	
