#          omega_b,        omega_cdm,   omega_ini_dcdm, log10_Gamma_dcdm_Gyr,               H0,     ln10^{10}A_s,              n_s,         tau_reio,        A_cib_217,        xi_sz_cib,             A_sz,     ps_A_100_100,     ps_A_143_143,     ps_A_143_217,     ps_A_217_217,         ksz_norm,     gal545_A_100,     gal545_A_143, gal545_A_143_217,     gal545_A_217,    galf_EE_A_100, galf_EE_A_100_143, galf_EE_A_100_217,    galf_EE_A_143, galf_EE_A_143_217,    galf_EE_A_217,    galf_TE_A_100, galf_TE_A_100_143, galf_TE_A_100_217,    galf_TE_A_143, galf_TE_A_143_217,    galf_TE_A_217,       calib_100T,       calib_217T,         A_planck,           z_reio,     Omega_Lambda,              YHe,              A_s,           sigma8
 5.662663e-08	-9.850229e-08	 1.224105e-06	 5.145838e-05	 1.816828e-04	 1.403446e-06	 9.547828e-07	 7.479972e-07	-1.559888e-05	 8.328859e-07	-3.215965e-06	-2.680039e-05	-9.531025e-05	-7.165850e-05	-3.977136e-05	-3.029731e-06	 7.369510e-07	-8.465005e-06	-1.736618e-05	-1.552239e-05	 1.605427e-07	 1.948076e-07	 3.458131e-07	 2.030643e-07	 4.345357e-07	 1.341088e-06	-1.045397e-07	-1.606333e-07	-3.487851e-07	-6.098804e-07	-1.523341e-06	-6.252593e-06	 5.259916e-09	-7.223278e-11	 4.598566e-08	 5.937706e-05	 1.721009e-06	 2.408717e-08	 3.010053e-15	 2.161031e-07	
-9.850229e-08	 4.410324e-06	 1.263916e-05	 1.761861e-04	-5.225284e-04	-2.288856e-06	-4.911411e-08	-6.240495e-06	 1.412325e-03	-1.621329e-05	-1.615447e-04	 5.547580e-03	 3.625627e-03	 1.621768e-03	-1.276131e-04	 3.833426e-04	 3.354304e-05	 2.292810e-04	 3.641947e-04	-1.165034e-04	-5.835155e-07	-7.283381e-07	-2.948790e-06	-8.698485e-07	-8.453665e-06	-6.793272e-06	 2.367667e-07	-1.290632e-07	 9.820041e-07	 1.994095e-06	 4.409909e-06	 2.559563e-05	-1.318787e-08	 3.393970e-08	-5.306092e-07	-5.142256e-04	-1.404631e-05	-4.195857e-08	-4.967544e-15	 1.339253e-05	
 1.224105e-06	 1.263916e-05	 1.652313e-04	 4.146489e-03	 8.075030e-03	 4.788580e-05	 4.625401e-05	 1.459881e-05	 1.303421e-02	-1.098296e-04	-1.670126e-03	 5.172625e-02	 3.821750e-02	 2.054635e-02	 5.146698e-03	 3.271490e-03	 5.090084e-04	 1.256090e-03	 2.253173e-03	-2.036595e-03	 5.318680e-06	 6.082785e-06	-1.606962e-05	 5.974994e-06	-6.730275e-05	-5.563849e-05	 4.160453e-07	-6.538831e-06	-2.401485e-06	-1.461228e-05	-2.843953e-05	-6.042114e-05	-5.993364e-08	 2.794469e-07	 1.431191e-07	 1.424600e-03	 4.195891e-05	 5.198503e-07	 1.027055e-13	 5.617396e-05	
 5.145838e-05	 1.761861e-04	 4.146489e-03	 3.768465e-01	 1.805012e-01	 6.252962e-04	 6.317109e-04	 5.172855e-04	 4.163333e-01	-2.701936e-03	-6.686901e-02	 1.785537e+00	 1.434267e+00	 7.677144e-01	 2.402643e-01	 1.092770e-01	 6.130832e-03	 2.265446e-02	 8.482855e-02	-2.921306e-02	 1.170277e-04	 1.658836e-04	-3.408294e-04	 1.806454e-04	-2.432606e-03	-1.648955e-03	 1.460597e-05	-2.255503e-05	-5.539808e-04	-4.898312e-04	-1.566487e-03	-5.391762e-03	 1.276216e-06	 8.970338e-06	 3.229529e-05	 4.294266e-02	 1.119526e-03	 2.191759e-05	 1.343932e-12	 2.191645e-04	
 1.816828e-04	-5.225284e-04	 8.075030e-03	 1.805012e-01	 1.067382e+00	 7.892124e-03	 6.648538e-03	 4.228060e-03	 4.108726e-01	-1.830840e-03	-5.871468e-02	 1.471609e+00	 6.170099e-01	 7.852912e-02	-3.104076e-01	 1.094600e-01	 3.690472e-02	 3.610185e-02	 3.427228e-02	-1.034036e-01	 9.863193e-04	 1.064753e-03	 7.713601e-06	 1.109564e-03	-1.807027e-03	-7.567950e-04	-3.060167e-04	-6.035008e-04	-9.331305e-04	-2.310363e-03	-4.887087e-03	-1.909587e-02	 7.573665e-06	 6.986411e-06	 2.334132e-04	 3.699447e-01	 1.030799e-02	 7.722569e-05	 1.693230e-11	 2.409754e-03	
 1.403446e-06	-2.288856e-06	 4.788580e-05	 6.252962e-04	 7.892124e-03	 4.297611e-04	 6.484470e-05	 1.913198e-04	-2.141547e-03	 6.962534e-05	 2.401233e-04	-7.170302e-03	-1.006189e-02	-5.590763e-03	 1.838825e-03	-1.590718e-03	-3.273509e-04	-6.250705e-04	-9.001296e-04	 3.074834e-03	 1.091793e-05	 1.000363e-05	-1.138526e-05	 1.058210e-05	-3.262212e-05	-3.842822e-05	-8.191422e-06	-6.000960e-06	-2.143124e-05	-2.256960e-05	-5.488948e-05	-1.430036e-04	-1.126055e-08	-2.389558e-07	 1.988631e-05	 1.856423e-02	 7.247945e-05	 5.960110e-07	 9.199606e-13	 1.840000e-04	
 9.547828e-07	-4.911411e-08	 4.625401e-05	 6.317109e-04	 6.648538e-03	 6.484470e-05	 7.410698e-05	 2.798942e-05	-4.429548e-03	 7.319584e-05	 4.015369e-04	-2.650579e-02	-1.223464e-02	-5.613249e-03	-7.076621e-04	-1.541339e-03	 9.814952e-04	-1.643572e-04	-8.072566e-04	 1.026808e-03	 1.133324e-05	 1.152064e-05	 4.879972e-07	 1.206672e-05	-1.469863e-05	-6.374671e-06	-3.359900e-06	-2.200645e-06	-3.116334e-06	-1.156582e-05	-2.161584e-05	-9.156171e-05	-1.337883e-07	-6.802826e-08	 1.186000e-06	 2.566287e-03	 5.777129e-05	 4.057952e-07	 1.390425e-13	 4.617141e-05	
 7.479972e-07	-6.240495e-06	 1.459881e-05	 5.172855e-04	 4.228060e-03	 1.913198e-04	 2.798942e-05	 1.058417e-04	-1.870637e-03	 2.940179e-05	 2.435094e-04	-1.036547e-02	-5.338177e-03	-2.931988e-03	-1.832622e-03	-5.496881e-04	 9.926433e-05	-1.135528e-04	-2.155603e-04	 2.153622e-04	 4.552216e-06	 4.766842e-06	-3.092056e-06	 4.202160e-06	-5.425911e-06	-1.581560e-05	-3.631885e-06	-1.656686e-06	-8.049133e-06	-1.005087e-05	-2.985050e-05	-1.231339e-04	-1.264413e-07	-1.215210e-07	-1.804004e-06	 1.018661e-02	 4.964624e-05	 3.177739e-07	 4.098800e-13	 6.290371e-05	
-1.559888e-05	 1.412325e-03	 1.303421e-02	 4.163333e-01	 4.108726e-01	-2.141547e-03	-4.429548e-03	-1.870637e-03	 8.955348e+01	-4.059810e-01	-1.717250e+00	 7.097606e+01	 1.193297e+01	-1.591714e+01	-1.070895e+02	-1.666248e-02	 1.545016e-01	 1.156120e+00	-1.075962e+01	-6.644963e+01	-3.259569e-04	-2.784016e-04	-2.941278e-04	-6.909643e-04	 2.736787e-03	-8.139722e-03	 4.153820e-04	 2.025338e-03	-7.626318e-04	 4.274621e-03	-6.666627e-03	 3.374604e-03	-4.054864e-04	 1.474296e-03	 1.489827e-03	-1.525796e-01	 6.083099e-04	-6.760415e-06	-4.576167e-12	 1.135177e-03	
 8.328859e-07	-1.621329e-05	-1.098296e-04	-2.701936e-03	-1.830840e-03	 6.962534e-05	 7.319584e-05	 2.940179e-05	-4.059810e-01	 8.299701e-02	-2.996825e-02	-6.792659e-01	 8.524604e-01	 1.646826e+00	 6.548542e-01	 2.387160e-02	-5.573504e-03	 3.963949e-03	 1.064199e-01	 1.496098e-01	 4.567393e-06	 1.622180e-05	-2.119432e-04	 5.332706e-06	 6.874581e-05	-2.976154e-04	-4.745542e-05	 2.846357e-05	 1.033954e-04	 7.652390e-05	 1.120768e-04	 3.044146e-04	 5.034356e-06	-2.529435e-06	-3.844285e-06	 2.284858e-03	 1.671391e-05	 3.546551e-07	 1.507327e-13	 4.989769e-06	
-3.215965e-06	-1.615447e-04	-1.670126e-03	-6.686901e-02	-5.871468e-02	 2.401233e-04	 4.015369e-04	 2.435094e-04	-1.717250e+00	-2.996825e-02	 5.361527e+00	-4.454713e+01	-6.515873e+00	 9.377338e+00	 6.160962e+00	-2.843260e+00	-3.313270e-01	 1.778854e-01	 3.630260e+00	 4.674185e+00	 1.631207e-04	 1.146557e-04	 1.582375e-03	 1.684189e-04	 1.910652e-03	-2.180756e-04	 5.113547e-04	 4.684519e-04	 4.780042e-04	-2.716924e-04	 9.749638e-04	 1.363124e-03	 1.533547e-04	-5.994688e-05	 1.228781e-05	 2.129968e-02	-1.589151e-04	-1.361504e-06	 5.180858e-13	-1.061638e-04	
-2.680039e-05	 5.547580e-03	 5.172625e-02	 1.785537e+00	 1.471609e+00	-7.170302e-03	-2.650579e-02	-1.036547e-02	 7.097606e+01	-6.792659e-01	-4.454713e+01	 1.443075e+03	 1.535005e+02	-4.620667e+01	-8.273757e+01	 1.336738e+01	-1.357508e+01	 1.280059e+01	-1.090315e+01	-3.362465e+01	-6.274049e-03	-5.826961e-03	-2.017314e-03	-4.834464e-03	-1.294605e-02	-2.558886e-02	-9.969198e-04	-1.234351e-02	-6.772190e-03	 1.350527e-02	-1.335868e-02	-7.665957e-02	 7.706018e-03	 1.132958e-03	 7.379072e-03	-9.049376e-01	 1.038225e-03	-1.174727e-05	-1.545425e-11	 1.524308e-03	
-9.531025e-05	 3.625627e-03	 3.821750e-02	 1.434267e+00	 6.170099e-01	-1.006189e-02	-1.223464e-02	-5.338177e-03	 1.193297e+01	 8.524604e-01	-6.515873e+00	 1.535005e+02	 1.200721e+02	 6.269539e+01	 2.217373e+01	-6.518905e+00	-6.901013e-01	-2.529487e+00	 6.095595e+00	 6.083869e+00	-2.140899e-03	-2.309185e-03	-1.728379e-02	-2.005338e-03	-2.004685e-02	-3.347722e-02	 1.945697e-03	-1.626003e-03	 5.606810e-04	-1.501216e-04	 2.879997e-03	 3.154511e-02	 7.384400e-05	 3.111595e-04	 9.053372e-04	-4.318131e-01	-2.275832e-03	-4.071205e-05	-2.154693e-11	-6.801388e-04	
-7.165850e-05	 1.621768e-03	 2.054635e-02	 7.677144e-01	 7.852912e-02	-5.590763e-03	-5.613249e-03	-2.931988e-03	-1.591714e+01	 1.646826e+00	 9.377338e+00	-4.620667e+01	 6.269539e+01	 1.145751e+02	 7.973334e+01	-1.423297e+01	-1.253479e+00	-1.937322e+00	 2.857386e+00	 7.902865e+00	-9.798802e-04	-7.071487e-04	-1.109110e-02	-3.999636e-04	-1.008315e-02	-2.990190e-02	 3.160507e-03	 1.082118e-03	 9.112296e-03	 2.465935e-03	 6.666602e-03	 2.175657e-02	 5.599846e-04	-6.481687e-04	 6.662281e-04	-2.411306e-01	-2.763396e-03	-3.059225e-05	-1.198073e-11	-1.647181e-03	
-3.977136e-05	-1.276131e-04	 5.146698e-03	 2.402643e-01	-3.104076e-01	 1.838825e-03	-7.076621e-04	-1.832622e-03	-1.070895e+02	 6.548542e-01	 6.160962e+00	-8.273757e+01	 2.217373e+01	 7.973334e+01	 1.935289e+02	-1.133382e+01	-8.503959e-01	-2.696281e+00	 6.610152e+00	 6.193899e+01	-1.197144e-04	-2.663234e-04	-9.466505e-03	 8.569335e-04	-1.334816e-02	-1.331140e-02	 3.536052e-03	-1.523152e-03	 3.167354e-03	-5.082075e-03	 1.358438e-02	 1.978656e-02	 7.476944e-04	-2.668726e-03	 2.424114e-03	-1.744715e-01	-2.473819e-03	-1.689287e-05	 3.825262e-12	-1.304587e-03	
-3.029731e-06	 3.833426e-04	 3.271490e-03	 1.092770e-01	 1.094600e-01	-1.590718e-03	-1.541339e-03	-5.496881e-04	-1.666248e-02	 2.387160e-02	-2.843260e+00	 1.336738e+01	-6.518905e+00	-1.423297e+01	-1.133382e+01	 7.395408e+00	 1.258875e-01	-2.016354e-01	-2.135873e+00	-2.392263e+00	-2.672093e-04	-1.612229e-04	 5.343905e-05	-3.715894e-04	 5.265892e-07	-1.129639e-03	-5.211776e-04	-1.031703e-03	-4.138816e-04	-1.424430e-04	-1.429415e-03	-8.279317e-04	-8.321968e-05	 4.578088e-06	-2.390918e-05	-4.530976e-02	 1.430432e-04	-1.304811e-06	-3.398512e-12	-1.717641e-04	
 7.369510e-07	 3.354304e-05	 5.090084e-04	 6.130832e-03	 3.690472e-02	-3.273509e-04	 9.814952e-04	 9.926433e-05	 1.545016e-01	-5.573504e-03	-3.313270e-01	-1.357508e+01	-6.901013e-01	-1.253479e+00	-8.503959e-01	 1.258875e-01	 6.716092e+00	 1.096300e+00	 4.184984e-01	 4.195154e-01	 1.651661e-04	 2.563991e-04	-6.429351e-04	 4.520908e-04	 1.535639e-03	-1.427877e-03	-4.490671e-04	 7.184090e-04	 1.771932e-04	-1.074933e-03	-2.077900e-03	-9.048289e-04	 3.602485e-04	-7.072540e-06	-1.885287e-05	 1.053408e-02	 2.523607e-04	 3.018989e-07	-6.919183e-13	 2.614326e-04	
-8.465005e-06	 2.292810e-04	 1.256090e-03	 2.265446e-02	 3.610185e-02	-6.250705e-04	-1.643572e-04	-1.135528e-04	 1.156120e+00	 3.963949e-03	 1.778854e-01	 1.280059e+01	-2.529487e+00	-1.937322e+00	-2.696281e+00	-2.016354e-01	 1.096300e+00	 6.386103e+00	 5.421986e+00	 5.498116e+00	-1.460251e-04	-8.713512e-05	 1.933314e-03	-8.283985e-05	 2.012965e-03	 1.595254e-03	 5.472132e-04	-1.293090e-04	-2.595635e-03	 7.168586e-04	-2.495518e-04	-4.977055e-03	-3.689840e-04	-7.124111e-05	 6.015733e-05	-5.052992e-03	-1.523167e-04	-3.601474e-06	-1.328177e-12	 4.264579e-04	
-1.736618e-05	 3.641947e-04	 2.253173e-03	 8.482855e-02	 3.427228e-02	-9.001296e-04	-8.072566e-04	-2.155603e-04	-1.075962e+01	 1.064199e-01	 3.630260e+00	-1.090315e+01	 6.095595e+00	 2.857386e+00	 6.610152e+00	-2.135873e+00	 4.184984e-01	 5.421986e+00	 2.043526e+01	 3.724108e+01	-2.475899e-04	-3.296755e-04	 7.819481e-04	-1.747592e-04	-2.430900e-03	-6.481138e-04	 1.025780e-03	-4.834967e-04	-4.258853e-03	-1.752383e-03	 1.833906e-03	 1.905209e-02	-1.001502e-04	 8.425330e-04	 4.666303e-05	-1.120155e-02	-4.336633e-04	-7.360724e-06	-1.902076e-12	 4.552370e-04	
-1.552239e-05	-1.165034e-04	-2.036595e-03	-2.921306e-02	-1.034036e-01	 3.074834e-03	 1.026808e-03	 2.153622e-04	-6.644963e+01	 1.496098e-01	 4.674185e+00	-3.362465e+01	 6.083869e+00	 7.902865e+00	 6.193899e+01	-2.392263e+00	 4.195154e-01	 5.498116e+00	 3.724108e+01	 1.060540e+02	 7.493418e-05	-1.697762e-04	 3.640394e-03	 8.184108e-04	-6.423268e-03	 6.446529e-03	 1.393907e-04	-3.249239e-03	-4.367165e-03	-4.837311e-03	 1.610839e-03	 3.534816e-02	 8.723170e-05	 1.879714e-03	 1.520302e-03	 2.118877e-02	-5.996290e-04	-6.497038e-06	 6.569189e-12	 1.484006e-03	
 1.605427e-07	-5.835155e-07	 5.318680e-06	 1.170277e-04	 9.863193e-04	 1.091793e-05	 1.133324e-05	 4.552216e-06	-3.259569e-04	 4.567393e-06	 1.631207e-04	-6.274049e-03	-2.140899e-03	-9.798802e-04	-1.197144e-04	-2.672093e-04	 1.651661e-04	-1.460251e-04	-2.475899e-04	 7.493418e-05	 1.020652e-04	 2.772732e-05	-1.243666e-06	 1.119732e-05	 6.945387e-06	 9.325888e-06	-6.429731e-06	-2.333830e-06	-2.014295e-06	-1.103807e-07	-6.528761e-06	-3.535568e-05	-9.385874e-08	-9.095979e-09	 1.850548e-06	 4.015829e-04	 9.758306e-06	 6.823071e-08	 2.343951e-14	 5.397298e-06	
 1.948076e-07	-7.283381e-07	 6.082785e-06	 1.658836e-04	 1.064753e-03	 1.000363e-05	 1.152064e-05	 4.766842e-06	-2.784016e-04	 1.622180e-05	 1.146557e-04	-5.826961e-03	-2.309185e-03	-7.071487e-04	-2.663234e-04	-1.612229e-04	 2.563991e-04	-8.713512e-05	-3.296755e-04	-1.697762e-04	 2.772732e-05	 6.612659e-05	 7.170722e-06	 3.377219e-05	 5.317276e-06	 7.228817e-06	-3.229004e-06	-1.950806e-06	-5.580426e-06	-4.373311e-06	-8.361967e-06	-3.343546e-05	-5.942751e-08	-1.204716e-08	 1.624150e-06	 4.153903e-04	 1.071520e-05	 8.285871e-08	 2.144917e-14	 4.267467e-06	
 3.458131e-07	-2.948790e-06	-1.606962e-05	-3.408294e-04	 7.713601e-06	-1.138526e-05	 4.879972e-07	-3.092056e-06	-2.941278e-04	-2.119432e-04	 1.582375e-03	-2.017314e-03	-1.728379e-02	-1.109110e-02	-9.466505e-03	 5.343905e-05	-6.429351e-04	 1.933314e-03	 7.819481e-04	 3.640394e-03	-1.243666e-06	 7.170722e-06	 1.864895e-02	 5.371660e-06	 5.224480e-04	 1.109262e-03	-2.166234e-05	-1.374910e-05	-1.943276e-05	 1.337904e-05	-9.672627e-05	-3.049637e-04	-1.648413e-07	 2.965333e-07	 2.015893e-06	-4.289906e-04	 5.558427e-06	 1.473761e-07	-2.447427e-14	-1.470490e-05	
 2.030643e-07	-8.698485e-07	 5.974994e-06	 1.806454e-04	 1.109564e-03	 1.058210e-05	 1.206672e-05	 4.202160e-06	-6.909643e-04	 5.332706e-06	 1.684189e-04	-4.834464e-03	-2.005338e-03	-3.999636e-04	 8.569335e-04	-3.715894e-04	 4.520908e-04	-8.283985e-05	-1.747592e-04	 8.184108e-04	 1.119732e-05	 3.377219e-05	 5.371660e-06	 1.159154e-04	 1.055301e-05	 2.696537e-06	 2.766559e-07	-4.810505e-06	-4.393039e-06	-1.177738e-05	-1.145728e-05	-3.925662e-05	-5.772435e-08	 3.749199e-08	 2.738285e-06	 3.584379e-04	 1.143869e-05	 8.641316e-08	 2.259611e-14	 4.171374e-06	
 4.345357e-07	-8.453665e-06	-6.730275e-05	-2.432606e-03	-1.807027e-03	-3.262212e-05	-1.469863e-05	-5.425911e-06	 2.736787e-03	 6.874581e-05	 1.910652e-03	-1.294605e-02	-2.004685e-02	-1.008315e-02	-1.334816e-02	 5.265892e-07	 1.535639e-03	 2.012965e-03	-2.430900e-03	-6.423268e-03	 6.945387e-06	 5.317276e-06	 5.224480e-04	 1.055301e-05	 1.989185e-02	 2.257432e-03	-3.898060e-05	-3.687529e-05	 3.740511e-05	 1.007968e-05	-7.660960e-05	-2.666290e-04	-1.006757e-06	 3.089652e-07	 2.611096e-06	-7.968978e-04	 1.188177e-06	 1.844624e-07	-7.029747e-14	-4.235672e-05	
 1.341088e-06	-6.793272e-06	-5.563849e-05	-1.648955e-03	-7.567950e-04	-3.842822e-05	-6.374671e-06	-1.581560e-05	-8.139722e-03	-2.976154e-04	-2.180756e-04	-2.558886e-02	-3.347722e-02	-2.990190e-02	-1.331140e-02	-1.129639e-03	-1.427877e-03	 1.595254e-03	-6.481138e-04	 6.446529e-03	 9.325888e-06	 7.228817e-06	 1.109262e-03	 2.696537e-06	 2.257432e-03	 7.309262e-02	 1.555921e-05	-2.118105e-05	-8.635482e-05	-6.897138e-05	-2.716711e-04	-2.457585e-04	-5.342750e-07	-7.067247e-07	 6.101950e-06	-2.043792e-03	 4.611871e-06	 5.705321e-07	-8.147533e-14	-4.182748e-05	
-1.045397e-07	 2.367667e-07	 4.160453e-07	 1.460597e-05	-3.060167e-04	-8.191422e-06	-3.359900e-06	-3.631885e-06	 4.153820e-04	-4.745542e-05	 5.113547e-04	-9.969198e-04	 1.945697e-03	 3.160507e-03	 3.536052e-03	-5.211776e-04	-4.490671e-04	 5.472132e-04	 1.025780e-03	 1.393907e-04	-6.429731e-06	-3.229004e-06	-2.166234e-05	 2.766559e-07	-3.898060e-05	 1.555921e-05	 2.683575e-03	 5.189971e-04	 1.429901e-04	-6.573124e-04	-1.478717e-04	-1.644150e-04	 6.856934e-08	-1.044716e-07	-1.474042e-07	-3.216718e-04	-3.036900e-06	-4.444515e-08	-1.773029e-14	-3.515915e-06	
-1.606333e-07	-1.290632e-07	-6.538831e-06	-2.255503e-05	-6.035008e-04	-6.000960e-06	-2.200645e-06	-1.656686e-06	 2.025338e-03	 2.846357e-05	 4.684519e-04	-1.234351e-02	-1.626003e-03	 1.082118e-03	-1.523152e-03	-1.031703e-03	 7.184090e-04	-1.293090e-04	-4.834967e-04	-3.249239e-03	-2.333830e-06	-1.950806e-06	-1.374910e-05	-4.810505e-06	-3.687529e-05	-2.118105e-05	 5.189971e-04	 1.712088e-03	 7.122378e-05	 1.417337e-03	 8.872795e-05	-1.359886e-03	-7.220427e-08	-1.486746e-07	-1.151733e-06	-1.104294e-04	-4.816396e-06	-6.835843e-08	-1.308773e-14	-2.403608e-06	
-3.487851e-07	 9.820041e-07	-2.401485e-06	-5.539808e-04	-9.331305e-04	-2.143124e-05	-3.116334e-06	-8.049133e-06	-7.626318e-04	 1.033954e-04	 4.780042e-04	-6.772190e-03	 5.606810e-04	 9.112296e-03	 3.167354e-03	-4.138816e-04	 1.771932e-04	-2.595635e-03	-4.258853e-03	-4.367165e-03	-2.014295e-06	-5.580426e-06	-1.943276e-05	-4.393039e-06	 3.740511e-05	-8.635482e-05	 1.429901e-04	 7.122378e-05	 1.438537e-02	-6.160337e-04	 1.368389e-03	 9.210596e-03	-2.132078e-07	-2.865048e-08	-3.294586e-06	-6.853162e-04	-9.560599e-06	-1.483620e-07	-4.578492e-14	-4.805873e-06	
-6.098804e-07	 1.994095e-06	-1.461228e-05	-4.898312e-04	-2.310363e-03	-2.256960e-05	-1.156582e-05	-1.005087e-05	 4.274621e-03	 7.652390e-05	-2.716924e-04	 1.350527e-02	-1.501216e-04	 2.465935e-03	-5.082075e-03	-1.424430e-04	-1.074933e-03	 7.168586e-04	-1.752383e-03	-4.837311e-03	-1.103807e-07	-4.373311e-06	 1.337904e-05	-1.177738e-05	 1.007968e-05	-6.897138e-05	-6.573124e-04	 1.417337e-03	-6.160337e-04	 5.635158e-03	 9.770376e-04	-1.970514e-03	-2.649060e-08	 2.053030e-07	-3.345593e-06	-8.111454e-04	-2.398703e-05	-2.598165e-07	-4.836765e-14	-2.478302e-06	
-1.523341e-06	 4.409909e-06	-2.843953e-05	-1.566487e-03	-4.887087e-03	-5.488948e-05	-2.161584e-05	-2.985050e-05	-6.666627e-03	 1.120768e-04	 9.749638e-04	-1.335868e-02	 2.879997e-03	 6.666602e-03	 1.358438e-02	-1.429415e-03	-2.077900e-03	-2.495518e-04	 1.833906e-03	 1.610839e-03	-6.528761e-06	-8.361967e-06	-9.672627e-05	-1.145728e-05	-7.660960e-05	-2.716711e-04	-1.478717e-04	 8.872795e-05	 1.368389e-03	 9.770376e-04	 1.291844e-02	 1.612840e-02	-2.751206e-07	-6.062008e-08	-3.422117e-06	-2.505212e-03	-4.984061e-05	-6.481273e-07	-1.177836e-13	-5.230792e-06	
-6.252593e-06	 2.559563e-05	-6.042114e-05	-5.391762e-03	-1.909587e-02	-1.430036e-04	-9.156171e-05	-1.231339e-04	 3.374604e-03	 3.044146e-04	 1.363124e-03	-7.665957e-02	 3.154511e-02	 2.175657e-02	 1.978656e-02	-8.279317e-04	-9.048289e-04	-4.977055e-03	 1.905209e-02	 3.534816e-02	-3.535568e-05	-3.343546e-05	-3.049637e-04	-3.925662e-05	-2.666290e-04	-2.457585e-04	-1.644150e-04	-1.359886e-03	 9.210596e-03	-1.970514e-03	 1.612840e-02	 1.418633e-01	-1.469329e-06	-3.773768e-07	 2.047775e-05	-1.018873e-02	-2.131449e-04	-2.660507e-06	-3.089324e-13	 2.998150e-05	
 5.259916e-09	-1.318787e-08	-5.993364e-08	 1.276216e-06	 7.573665e-06	-1.126055e-08	-1.337883e-07	-1.264413e-07	-4.054864e-04	 5.034356e-06	 1.533547e-04	 7.706018e-03	 7.384400e-05	 5.599846e-04	 7.476944e-04	-8.321968e-05	 3.602485e-04	-3.689840e-04	-1.001502e-04	 8.723170e-05	-9.385874e-08	-5.942751e-08	-1.648413e-07	-5.772435e-08	-1.006757e-06	-5.342750e-07	 6.856934e-08	-7.220427e-08	-2.132078e-07	-2.649060e-08	-2.751206e-07	-1.469329e-06	 7.473724e-07	 2.294854e-09	-2.494122e-08	-1.376980e-05	 8.648954e-08	 2.240871e-09	-2.644828e-17	-1.031426e-07	
-7.223278e-11	 3.393970e-08	 2.794469e-07	 8.970338e-06	 6.986411e-06	-2.389558e-07	-6.802826e-08	-1.215210e-07	 1.474296e-03	-2.529435e-06	-5.994688e-05	 1.132958e-03	 3.111595e-04	-6.481687e-04	-2.668726e-03	 4.578088e-06	-7.072540e-06	-7.124111e-05	 8.425330e-04	 1.879714e-03	-9.095979e-09	-1.204716e-08	 2.965333e-07	 3.749199e-08	 3.089652e-07	-7.067247e-07	-1.044716e-07	-1.486746e-07	-2.865048e-08	 2.053030e-07	-6.062008e-08	-3.773768e-07	 2.294854e-09	 7.797132e-07	-3.351340e-09	-1.153742e-05	-1.119736e-08	-2.809843e-11	-5.085758e-16	-3.734833e-08	
 4.598566e-08	-5.306092e-07	 1.431191e-07	 3.229529e-05	 2.334132e-04	 1.988631e-05	 1.186000e-06	-1.804004e-06	 1.489827e-03	-3.844285e-06	 1.228781e-05	 7.379072e-03	 9.053372e-04	 6.662281e-04	 2.424114e-03	-2.390918e-05	-1.885287e-05	 6.015733e-05	 4.666303e-05	 1.520302e-03	 1.850548e-06	 1.624150e-06	 2.015893e-06	 2.738285e-06	 2.611096e-06	 6.101950e-06	-1.474042e-07	-1.151733e-06	-3.294586e-06	-3.345593e-06	-3.422117e-06	 2.047775e-05	-2.494122e-08	-3.351340e-09	 1.242535e-05	-1.999439e-04	 3.148620e-06	 1.955799e-08	 4.236990e-14	 6.560371e-06	
 5.937706e-05	-5.142256e-04	 1.424600e-03	 4.294266e-02	 3.699447e-01	 1.856423e-02	 2.566287e-03	 1.018661e-02	-1.525796e-01	 2.284858e-03	 2.129968e-02	-9.049376e-01	-4.318131e-01	-2.411306e-01	-1.744715e-01	-4.530976e-02	 1.053408e-02	-5.052992e-03	-1.120155e-02	 2.118877e-02	 4.015829e-04	 4.153903e-04	-4.289906e-04	 3.584379e-04	-7.968978e-04	-2.043792e-03	-3.216718e-04	-1.104294e-04	-6.853162e-04	-8.111454e-04	-2.505212e-03	-1.018873e-02	-1.376980e-05	-1.153742e-05	-1.999439e-04	 9.865806e-01	 4.288880e-03	 2.521956e-05	 3.974988e-11	 6.421781e-03	
 1.721009e-06	-1.404631e-05	 4.195891e-05	 1.119526e-03	 1.030799e-02	 7.247945e-05	 5.777129e-05	 4.964624e-05	 6.083099e-04	 1.671391e-05	-1.589151e-04	 1.038225e-03	-2.275832e-03	-2.763396e-03	-2.473819e-03	 1.430432e-04	 2.523607e-04	-1.523167e-04	-4.336633e-04	-5.996290e-04	 9.758306e-06	 1.071520e-05	 5.558427e-06	 1.143869e-05	 1.188177e-06	 4.611871e-06	-3.036900e-06	-4.816396e-06	-9.560599e-06	-2.398703e-05	-4.984061e-05	-2.131449e-04	 8.648954e-08	-1.119736e-08	 3.148620e-06	 4.288880e-03	 1.192901e-04	 7.317937e-07	 1.556066e-13	-7.888172e-06	
 2.408717e-08	-4.195857e-08	 5.198503e-07	 2.191759e-05	 7.722569e-05	 5.960110e-07	 4.057952e-07	 3.177739e-07	-6.760415e-06	 3.546551e-07	-1.361504e-06	-1.174727e-05	-4.071205e-05	-3.059225e-05	-1.689287e-05	-1.304811e-06	 3.018989e-07	-3.601474e-06	-7.360724e-06	-6.497038e-06	 6.823071e-08	 8.285871e-08	 1.473761e-07	 8.641316e-08	 1.844624e-07	 5.705321e-07	-4.444515e-08	-6.835843e-08	-1.483620e-07	-2.598165e-07	-6.481273e-07	-2.660507e-06	 2.240871e-09	-2.809843e-11	 1.955799e-08	 2.521956e-05	 7.317937e-07	 1.024630e-08	 1.278269e-15	 9.126621e-08	
 3.010053e-15	-4.967544e-15	 1.027055e-13	 1.343932e-12	 1.693230e-11	 9.199606e-13	 1.390425e-13	 4.098800e-13	-4.576167e-12	 1.507327e-13	 5.180858e-13	-1.545425e-11	-2.154693e-11	-1.198073e-11	 3.825262e-12	-3.398512e-12	-6.919183e-13	-1.328177e-12	-1.902076e-12	 6.569189e-12	 2.343951e-14	 2.144917e-14	-2.447427e-14	 2.259611e-14	-7.029747e-14	-8.147533e-14	-1.773029e-14	-1.308773e-14	-4.578492e-14	-4.836765e-14	-1.177836e-13	-3.089324e-13	-2.644828e-17	-5.085758e-16	 4.236990e-14	 3.974988e-11	 1.556066e-13	 1.278269e-15	 1.969707e-21	 3.937211e-13	
 2.161031e-07	 1.339253e-05	 5.617396e-05	 2.191645e-04	 2.409754e-03	 1.840000e-04	 4.617141e-05	 6.290371e-05	 1.135177e-03	 4.989769e-06	-1.061638e-04	 1.524308e-03	-6.801388e-04	-1.647181e-03	-1.304587e-03	-1.717641e-04	 2.614326e-04	 4.264579e-04	 4.552370e-04	 1.484006e-03	 5.397298e-06	 4.267467e-06	-1.470490e-05	 4.171374e-06	-4.235672e-05	-4.182748e-05	-3.515915e-06	-2.403608e-06	-4.805873e-06	-2.478302e-06	-5.230792e-06	 2.998150e-05	-1.031426e-07	-3.734833e-08	 6.560371e-06	 6.421781e-03	-7.888172e-06	 9.126621e-08	 3.937211e-13	 1.343576e-04	
