#          omega_b,        omega_cdm,   omega_ini_dcdm,       Gamma_dcdm,               H0,     ln10^{10}A_s,              n_s,         tau_reio,        A_cib_217,        xi_sz_cib,             A_sz,     ps_A_100_100,     ps_A_143_143,     ps_A_143_217,     ps_A_217_217,         ksz_norm,     gal545_A_100,     gal545_A_143, gal545_A_143_217,     gal545_A_217,    galf_EE_A_100, galf_EE_A_100_143, galf_EE_A_100_217,    galf_EE_A_143, galf_EE_A_143_217,    galf_EE_A_217,    galf_TE_A_100, galf_TE_A_100_143, galf_TE_A_100_217,    galf_TE_A_143, galf_TE_A_143_217,    galf_TE_A_217,       calib_100T,       calib_217T,         A_planck,           z_reio,     Omega_Lambda,              YHe,              A_s,           sigma8
 2.145791e-08	-8.869283e-08	-1.635168e-08	-5.961075e-03	 5.329413e-05	 4.428326e-07	 2.764297e-07	 2.844027e-07	-8.070174e-05	 1.547010e-06	 2.158459e-05	-4.104187e-04	-2.285539e-04	-6.487530e-05	 8.877350e-06	-3.768805e-05	-3.032672e-07	-1.012883e-05	-1.439359e-05	 6.104562e-06	 6.309599e-08	 6.268611e-08	 1.416500e-07	 7.421680e-08	 3.603151e-07	 5.630354e-07	-7.170253e-08	-7.006734e-08	-7.685275e-08	-2.618098e-07	-5.954268e-07	-2.237730e-06	 2.870678e-09	-1.832749e-09	 2.082781e-08	 2.204385e-05	 6.417333e-07	 9.170702e-09	 9.382862e-16	-1.352076e-07	
-8.869283e-08	 2.279888e-06	-8.697173e-07	 4.915371e-01	-6.850083e-04	-5.629144e-06	-3.318675e-06	-4.142163e-06	 2.062747e-04	-2.643877e-06	-7.711177e-05	 1.349155e-03	 9.120267e-04	 4.062073e-04	 9.951376e-05	 1.105668e-04	-6.666942e-06	 1.546192e-05	 2.520050e-05	-4.595010e-05	-6.990969e-07	-6.852234e-07	 1.212200e-07	-7.919932e-07	-7.250583e-07	-2.474959e-06	 6.151359e-07	 3.016931e-07	 2.227070e-07	 1.183356e-06	 3.005188e-06	 1.245190e-05	-1.304857e-08	 4.380987e-09	-3.070094e-07	-3.717667e-04	-9.858977e-06	-3.790713e-08	-1.193879e-14	 2.310673e-06	
-1.635168e-08	-8.697173e-07	 1.047728e-06	-4.188105e-01	 8.361554e-05	 1.575579e-06	-4.994615e-07	 5.415531e-07	 9.086726e-05	-2.382126e-06	-1.985477e-05	 5.789164e-04	 2.208432e-04	 4.775561e-05	-1.567592e-06	 4.319446e-05	-6.909310e-06	 1.474543e-05	 2.052720e-05	 8.116261e-06	-8.373446e-08	-1.116751e-07	-2.068328e-07	-8.529618e-08	-1.483258e-07	 6.454652e-07	-1.826040e-08	 4.265098e-08	-7.459184e-09	 3.493911e-07	 4.765417e-07	 1.063035e-06	 3.641980e-09	 3.931206e-09	 3.162052e-08	 5.876990e-05	 1.471393e-06	-6.988981e-09	 3.337839e-15	 1.699037e-07	
-5.961075e-03	 4.915371e-01	-4.188105e-01	 2.335389e+06	 9.367296e+01	 3.772085e-01	-1.075835e-01	 8.101157e-02	 2.269164e+01	 1.240273e+00	-6.067891e+00	 5.894655e+01	 3.439114e+01	 6.789984e+01	 3.505270e+01	-5.027874e-01	 1.111324e+00	 2.183401e+00	-1.358328e+01	-1.176188e+01	-8.006296e-02	-1.745878e-02	 2.257708e-02	-9.484007e-03	 1.521846e-01	-4.932594e-01	-2.119114e-01	 1.982798e-02	 1.235348e-01	 1.662659e-01	 9.251796e-02	-7.057985e-02	-4.560526e-03	 5.094896e-03	 3.114274e-02	 7.911602e+00	 6.988791e-01	-2.551370e-03	 7.979630e-10	 4.234909e-01	
 5.329413e-05	-6.850083e-04	 8.361554e-05	 9.367296e+01	 3.363333e-01	 2.676662e-03	 1.499828e-03	 1.838273e-03	-1.472957e-01	 2.812730e-03	 4.766447e-02	-9.094509e-01	-5.310129e-01	-1.851067e-01	-8.405634e-03	-7.816797e-02	 4.829838e-03	-1.713511e-02	-2.423353e-02	 2.270382e-02	 3.007613e-04	 3.094737e-04	 8.039903e-06	 3.517293e-04	 4.714712e-04	 9.694803e-04	-2.928803e-04	-1.411495e-04	-2.959311e-05	-6.874571e-04	-1.639196e-03	-6.427031e-03	 6.256163e-06	-2.307506e-06	 1.502696e-04	 1.616219e-01	 4.504789e-03	 2.277487e-05	 5.676006e-12	-8.242516e-04	
 4.428326e-07	-5.629144e-06	 1.575579e-06	 3.772085e-01	 2.676662e-03	 2.110968e-04	 1.280069e-05	 9.933521e-05	-3.130507e-03	 9.971940e-05	 7.217804e-04	-1.281287e-02	-5.425827e-03	 1.063702e-03	 5.854931e-03	-1.948491e-03	-3.036214e-04	-6.853887e-04	-7.705109e-04	 1.675530e-03	 3.409368e-06	 3.202473e-06	 1.887239e-06	 4.150854e-06	-4.114738e-06	 2.528004e-07	-7.686898e-07	-8.284082e-07	-5.469677e-06	-6.436734e-06	-1.476404e-05	-4.549953e-05	 6.753814e-08	-7.887410e-08	 1.013747e-05	 9.802070e-03	 3.572090e-05	 1.891943e-07	 4.469856e-13	 7.151522e-05	
 2.764297e-07	-3.318675e-06	-4.994615e-07	-1.075835e-01	 1.499828e-03	 1.280069e-05	 1.844306e-05	 1.088060e-05	-4.686446e-03	 1.017768e-04	 1.040196e-03	-2.512922e-02	-7.320473e-03	 1.409606e-03	 4.999820e-03	-2.428613e-03	 3.083207e-04	-4.128431e-04	-3.947655e-04	 1.298843e-03	 3.898783e-06	 3.989867e-06	 1.658000e-06	 4.258290e-06	 3.305781e-06	 3.957382e-06	-1.645873e-06	-5.259532e-07	 6.620462e-07	-3.620129e-06	-8.233437e-06	-3.042695e-05	-6.123023e-08	-7.909631e-08	 7.368337e-07	 9.707663e-04	 2.054733e-05	 1.181470e-07	 2.715486e-14	-1.836366e-06	
 2.844027e-07	-4.142163e-06	 5.415531e-07	 8.101157e-02	 1.838273e-03	 9.933521e-05	 1.088060e-05	 5.499512e-05	-1.791478e-03	 3.387991e-05	 4.776946e-04	-1.030010e-02	-4.662167e-03	-1.273933e-03	 4.445325e-05	-7.493794e-04	-6.908892e-06	-9.170224e-05	-1.679904e-04	 1.559516e-04	 1.988973e-06	 2.111306e-06	 7.782155e-07	 2.033171e-06	 1.000136e-06	-1.228317e-06	-1.674988e-06	-2.190277e-07	-3.010403e-06	-3.611166e-06	-9.343617e-06	-4.003402e-05	-3.113803e-08	-4.115521e-08	-7.429003e-07	 5.397945e-03	 2.516609e-05	 1.215206e-07	 2.104183e-13	 2.969409e-05	
-8.070174e-05	 2.062747e-04	 9.086726e-05	 2.269164e+01	-1.472957e-01	-3.130507e-03	-4.686446e-03	-1.791478e-03	 4.438038e+01	-3.872238e-01	-7.910585e-01	 3.523911e+01	 1.626775e+00	-1.302066e+01	-5.460373e+01	-2.401194e-01	 1.882133e-01	 5.618859e-01	-5.865934e+00	-3.340055e+01	-5.961840e-04	-6.501858e-04	-6.673800e-04	-7.868585e-04	 2.373370e-03	 8.639319e-04	-5.607193e-04	 6.103249e-04	 1.037276e-03	-3.332192e-04	-9.765187e-04	 3.844455e-03	-1.900983e-04	 7.072141e-04	 6.202779e-04	-1.572920e-01	-1.686805e-03	-3.449416e-05	-6.629866e-12	-1.507201e-03	
 1.547010e-06	-2.643877e-06	-2.382126e-06	 1.240273e+00	 2.812730e-03	 9.971940e-05	 1.017768e-04	 3.387991e-05	-3.872238e-01	 8.133936e-02	-4.395835e-02	-5.499721e-01	 9.031168e-01	 1.667831e+00	 6.225232e-01	 4.706400e-02	-4.707590e-03	 8.677212e-03	 1.060567e-01	 1.406851e-01	 1.499087e-05	 1.392896e-05	 8.959406e-06	 1.817389e-05	 3.519663e-05	 1.949103e-04	-6.897058e-06	-1.929949e-05	 1.709763e-05	-3.512043e-05	-7.252383e-06	 1.181682e-04	 4.356621e-06	-1.452610e-06	 1.403520e-06	 2.977351e-03	 3.079833e-05	 6.611676e-07	 2.111140e-13	 5.079655e-05	
 2.158459e-05	-7.711177e-05	-1.985477e-05	-6.067891e+00	 4.766447e-02	 7.217804e-04	 1.040196e-03	 4.776946e-04	-7.910585e-01	-4.395835e-02	 3.896071e+00	-3.037342e+01	-3.168811e+00	 7.893462e+00	 5.407662e+00	-2.799838e+00	-1.953088e-01	 1.630083e-01	 2.671238e+00	 3.286740e+00	 1.993531e-04	 2.276591e-04	 5.379366e-04	 1.623554e-04	 9.865772e-05	-7.806774e-04	 1.078020e-04	 3.535060e-05	-6.470949e-05	-3.616272e-04	-6.935927e-04	-3.149460e-03	 1.092255e-04	-3.993045e-05	-3.930971e-06	 4.164887e-02	 5.660437e-04	 9.227941e-06	 1.528343e-12	 2.402960e-04	
-4.104187e-04	 1.349155e-03	 5.789164e-04	 5.894655e+01	-9.094509e-01	-1.281287e-02	-2.512922e-02	-1.030010e-02	 3.523911e+01	-5.499721e-01	-3.037342e+01	 7.764019e+02	 6.737260e+01	-5.607081e+01	-5.996561e+01	 1.408754e+01	-6.330480e+00	 5.671711e+00	-1.248078e+01	-2.446094e+01	-3.485049e-03	-4.516855e-03	 3.265899e-03	-4.139973e-03	 7.441041e-03	 3.532760e-02	 2.446307e-03	-1.220554e-03	 3.988828e-03	 7.435183e-03	 2.665330e-03	 3.007716e-02	 3.741936e-03	 4.985844e-04	 3.671371e-03	-9.109426e-01	-1.085625e-02	-1.754196e-04	-2.718605e-11	-5.605181e-03	
-2.285539e-04	 9.120267e-04	 2.208432e-04	 3.439114e+01	-5.310129e-01	-5.425827e-03	-7.320473e-03	-4.662167e-03	 1.626775e+00	 9.031168e-01	-3.168811e+00	 6.737260e+01	 6.085735e+01	 3.998958e+01	 1.556840e+01	-5.081556e+00	-3.919967e-01	-1.323406e+00	 3.411775e+00	 4.236697e+00	-1.460680e-03	-1.684627e-03	-2.608257e-03	-1.551710e-03	-3.585684e-03	-2.518976e-03	 7.909428e-04	 1.661414e-04	 1.251797e-03	 2.109779e-03	 6.576066e-03	 3.219289e-02	 8.980876e-05	 1.027394e-04	 5.943145e-04	-3.988649e-01	-6.458979e-03	-9.767746e-05	-1.150911e-11	-1.333636e-04	
-6.487530e-05	 4.062073e-04	 4.775561e-05	 6.789984e+01	-1.851067e-01	 1.063702e-03	 1.409606e-03	-1.273933e-03	-1.302066e+01	 1.667831e+00	 7.893462e+00	-5.607081e+01	 3.998958e+01	 8.563779e+01	 5.369399e+01	-1.224092e+01	-7.828894e-01	-6.673127e-01	 5.086042e+00	 8.411984e+00	 1.498950e-04	-5.064077e-05	-1.503527e-03	-1.490789e-04	-4.188541e-03	-4.690716e-03	 8.529505e-04	-8.152905e-04	 2.171391e-03	 9.554627e-04	 3.221013e-03	 1.267076e-02	 4.361874e-04	-3.787225e-04	 4.524136e-04	-1.061769e-01	-2.401363e-03	-2.771511e-05	 2.234006e-12	 2.485707e-03	
 8.877350e-06	 9.951376e-05	-1.567592e-06	 3.505270e+01	-8.405634e-03	 5.854931e-03	 4.999820e-03	 4.445325e-05	-5.460373e+01	 6.225232e-01	 5.407662e+00	-5.996561e+01	 1.556840e+01	 5.369399e+01	 1.035511e+02	-9.468396e+00	-6.682846e-01	-1.242365e+00	 5.593228e+00	 3.348277e+01	 8.136901e-04	 5.696549e-04	-8.986781e-04	 8.284697e-04	-7.363708e-03	-6.288546e-03	 1.713281e-03	-1.317855e-03	 3.007959e-04	 1.575267e-03	 6.199972e-03	 8.336257e-03	 4.485183e-04	-1.332969e-03	 1.307730e-03	 4.023610e-03	-2.194872e-04	 3.804956e-06	 1.236721e-11	 4.090939e-03	
-3.768805e-05	 1.105668e-04	 4.319446e-05	-5.027874e-01	-7.816797e-02	-1.948491e-03	-2.428613e-03	-7.493794e-04	-2.401194e-01	 4.706400e-02	-2.799838e+00	 1.408754e+01	-5.081556e+00	-1.224092e+01	-9.468396e+00	 6.032038e+00	 1.068329e-01	-1.978043e-01	-2.113749e+00	-2.298726e+00	-4.005465e-04	-3.681057e-04	-1.513592e-04	-3.152597e-04	 1.874971e-03	 2.874594e-03	 1.227203e-04	 2.805409e-04	-3.511959e-04	 4.098970e-04	 5.551587e-04	 2.808303e-04	-8.172189e-05	 7.039795e-06	-2.829500e-05	-6.446438e-02	-9.096216e-04	-1.611371e-05	-4.121339e-12	-9.304132e-04	
-3.032672e-07	-6.666942e-06	-6.909310e-06	 1.111324e+00	 4.829838e-03	-3.036214e-04	 3.083207e-04	-6.908892e-06	 1.882133e-01	-4.707590e-03	-1.953088e-01	-6.330480e+00	-3.919967e-01	-7.828894e-01	-6.682846e-01	 1.068329e-01	 3.347669e+00	 5.425924e-01	 1.697601e-01	 1.210617e-01	 5.749635e-05	 8.357516e-05	-5.310299e-04	 1.506038e-04	 5.044050e-04	 7.428003e-04	-2.864096e-04	 3.243933e-04	 5.826061e-04	-4.873692e-04	 1.240557e-04	-5.078933e-04	 1.756310e-04	 2.911902e-07	 1.898698e-05	-7.794545e-04	 6.788891e-05	-1.298004e-07	-6.418046e-13	-6.501924e-05	
-1.012883e-05	 1.546192e-05	 1.474543e-05	 2.183401e+00	-1.713511e-02	-6.853887e-04	-4.128431e-04	-9.170224e-05	 5.618859e-01	 8.677212e-03	 1.630083e-01	 5.671711e+00	-1.323406e+00	-6.673127e-01	-1.242365e+00	-1.978043e-01	 5.425924e-01	 3.167145e+00	 2.696335e+00	 2.689899e+00	-4.587843e-05	-5.754004e-05	 2.212640e-04	-7.406987e-05	 1.080261e-03	 1.164711e-03	 1.959490e-04	-1.155507e-04	-3.798994e-04	 2.671903e-04	 2.091666e-04	-4.853681e-04	-1.757527e-04	-3.996711e-05	-8.734341e-06	-6.445101e-03	-1.886840e-04	-4.329167e-06	-1.449004e-12	-2.732646e-04	
-1.439359e-05	 2.520050e-05	 2.052720e-05	-1.358328e+01	-2.423353e-02	-7.705109e-04	-3.947655e-04	-1.679904e-04	-5.865934e+00	 1.060567e-01	 2.671238e+00	-1.248078e+01	 3.411775e+00	 5.086042e+00	 5.593228e+00	-2.113749e+00	 1.697601e-01	 2.696335e+00	 1.080545e+01	 1.934350e+01	-1.291240e-04	-6.733247e-05	 8.239788e-04	-1.149225e-04	 4.795714e-05	 7.855384e-05	 4.393942e-04	-1.275981e-05	-1.302864e-03	-1.786487e-04	 1.577278e-04	 6.486591e-03	-1.672335e-05	 4.039450e-04	-1.341278e-05	-1.266528e-02	-2.656113e-04	-6.148183e-06	-1.632460e-12	-2.443749e-04	
 6.104562e-06	-4.595010e-05	 8.116261e-06	-1.176188e+01	 2.270382e-02	 1.675530e-03	 1.298843e-03	 1.559516e-04	-3.340055e+01	 1.406851e-01	 3.286740e+00	-2.446094e+01	 4.236697e+00	 8.411984e+00	 3.348277e+01	-2.298726e+00	 1.210617e-01	 2.689899e+00	 1.934350e+01	 5.384012e+01	 1.887664e-04	 2.728501e-04	 1.557208e-03	 3.981252e-04	-1.858874e-03	 2.986745e-04	 8.580813e-04	-2.427698e-04	-1.925301e-03	 7.817516e-04	-6.078371e-04	 9.852630e-03	 6.978402e-05	 9.213300e-04	 8.067546e-04	 1.412026e-02	 3.021661e-04	 2.616547e-06	 3.535389e-12	 8.994221e-04	
 6.309599e-08	-6.990969e-07	-8.373446e-08	-8.006296e-02	 3.007613e-04	 3.409368e-06	 3.898783e-06	 1.988973e-06	-5.961840e-04	 1.499087e-05	 1.993531e-04	-3.485049e-03	-1.460680e-03	 1.498950e-04	 8.136901e-04	-4.005465e-04	 5.749635e-05	-4.587843e-05	-1.291240e-04	 1.887664e-04	 5.029245e-05	 1.348506e-05	 2.528666e-06	 5.179164e-06	 3.777836e-06	 1.062892e-06	-1.991279e-06	-1.444786e-06	 1.119266e-06	-1.387543e-06	-2.650378e-06	-7.370216e-06	-2.691443e-08	-5.255504e-09	 9.757515e-07	 1.733007e-04	 4.135342e-06	 2.696401e-08	 7.222885e-15	-8.125813e-08	
 6.268611e-08	-6.852234e-07	-1.116751e-07	-1.745878e-02	 3.094737e-04	 3.202473e-06	 3.989867e-06	 2.111306e-06	-6.501858e-04	 1.392896e-05	 2.276591e-04	-4.516855e-03	-1.684627e-03	-5.064077e-05	 5.696549e-04	-3.681057e-04	 8.357516e-05	-5.754004e-05	-6.733247e-05	 2.728501e-04	 1.348506e-05	 3.264371e-05	 1.370963e-06	 1.623273e-05	 3.323107e-06	 7.405147e-07	-9.663046e-07	-1.875435e-06	-1.077992e-08	-2.979279e-06	-4.079612e-06	-5.276948e-06	-3.245637e-08	-1.022652e-08	 7.944854e-07	 1.854799e-04	 4.257043e-06	 2.678944e-08	 6.792223e-15	-1.885204e-07	
 1.416500e-07	 1.212200e-07	-2.068328e-07	 2.257708e-02	 8.039903e-06	 1.887239e-06	 1.658000e-06	 7.782155e-07	-6.673800e-04	 8.959406e-06	 5.379366e-04	 3.265899e-03	-2.608257e-03	-1.503527e-03	-8.986781e-04	-1.513592e-04	-5.310299e-04	 2.212640e-04	 8.239788e-04	 1.557208e-03	 2.528666e-06	 1.370963e-06	 6.286281e-03	 1.305469e-06	 1.512621e-04	 3.319455e-04	 2.267535e-06	 1.179897e-06	 9.344663e-06	 7.819287e-06	 7.390387e-06	-5.973416e-05	-3.817342e-08	-1.524162e-08	 1.040844e-06	 3.283408e-05	-4.413545e-07	 6.054649e-08	 4.087871e-15	 4.416055e-07	
 7.421680e-08	-7.919932e-07	-8.529618e-08	-9.484007e-03	 3.517293e-04	 4.150854e-06	 4.258290e-06	 2.033171e-06	-7.868585e-04	 1.817389e-05	 1.623554e-04	-4.139973e-03	-1.551710e-03	-1.490789e-04	 8.284697e-04	-3.152597e-04	 1.506038e-04	-7.406987e-05	-1.149225e-04	 3.981252e-04	 5.179164e-06	 1.623273e-05	 1.305469e-06	 5.744740e-05	 4.803306e-06	 7.844238e-07	 8.344943e-07	-2.765120e-06	-1.074563e-06	-5.610787e-06	-3.796315e-06	-5.671644e-06	-2.646383e-08	-1.624718e-08	 1.456277e-06	 1.733952e-04	 4.816438e-06	 3.172514e-08	 8.795373e-15	-4.700661e-08	
 3.603151e-07	-7.250583e-07	-1.483258e-07	 1.521846e-01	 4.714712e-04	-4.114738e-06	 3.305781e-06	 1.000136e-06	 2.373370e-03	 3.519663e-05	 9.865772e-05	 7.441041e-03	-3.585684e-03	-4.188541e-03	-7.363708e-03	 1.874971e-03	 5.044050e-04	 1.080261e-03	 4.795714e-05	-1.858874e-03	 3.777836e-06	 3.323107e-06	 1.512621e-04	 4.803306e-06	 8.595235e-03	 8.380745e-04	 5.381756e-06	-2.709898e-06	-1.208180e-05	-7.006818e-06	 2.060750e-05	-1.813076e-04	-3.263658e-07	-1.892853e-07	 7.245223e-07	-2.581028e-06	 5.257896e-06	 1.540553e-07	-8.615042e-15	-5.287143e-06	
 5.630354e-07	-2.474959e-06	 6.454652e-07	-4.932594e-01	 9.694803e-04	 2.528004e-07	 3.957382e-06	-1.228317e-06	 8.639319e-04	 1.949103e-04	-7.806774e-04	 3.532760e-02	-2.518976e-03	-4.690716e-03	-6.288546e-03	 2.874594e-03	 7.428003e-04	 1.164711e-03	 7.855384e-05	 2.986745e-04	 1.062892e-06	 7.405147e-07	 3.319455e-04	 7.844238e-07	 8.380745e-04	 3.260132e-02	 2.795862e-05	 1.803738e-05	-5.447539e-05	-2.073563e-05	-9.384808e-05	-1.432215e-04	 6.580827e-08	-1.568926e-07	 6.029257e-06	-2.796820e-04	 1.167415e-05	 2.407484e-07	 4.359005e-16	-7.352288e-06	
-7.170253e-08	 6.151359e-07	-1.826040e-08	-2.119114e-01	-2.928803e-04	-7.686898e-07	-1.645873e-06	-1.674988e-06	-5.607193e-04	-6.897058e-06	 1.078020e-04	 2.446307e-03	 7.909428e-04	 8.529505e-04	 1.713281e-03	 1.227203e-04	-2.864096e-04	 1.959490e-04	 4.393942e-04	 8.580813e-04	-1.991279e-06	-9.663046e-07	 2.267535e-06	 8.344943e-07	 5.381756e-06	 2.795862e-05	 1.449210e-03	 2.728736e-04	 8.656209e-05	-3.704640e-04	-9.327679e-05	-9.211559e-05	 2.801434e-08	-7.317303e-08	 6.513693e-07	-1.418723e-04	-3.832835e-06	-3.063620e-08	-1.644295e-15	 1.460715e-06	
-7.006734e-08	 3.016931e-07	 4.265098e-08	 1.982798e-02	-1.411495e-04	-8.284082e-07	-5.259532e-07	-2.190277e-07	 6.103249e-04	-1.929949e-05	 3.535060e-05	-1.220554e-03	 1.661414e-04	-8.152905e-04	-1.317855e-03	 2.805409e-04	 3.243933e-04	-1.155507e-04	-1.275981e-05	-2.427698e-04	-1.444786e-06	-1.875435e-06	 1.179897e-06	-2.765120e-06	-2.709898e-06	 1.803738e-05	 2.728736e-04	 8.663027e-04	 3.578246e-05	 7.293680e-04	 4.759853e-05	-6.899755e-04	-2.584017e-08	 3.415106e-08	-3.339879e-07	-2.235140e-06	-1.732158e-06	-2.994818e-08	-1.755698e-15	 7.839511e-07	
-7.685275e-08	 2.227070e-07	-7.459184e-09	 1.235348e-01	-2.959311e-05	-5.469677e-06	 6.620462e-07	-3.010403e-06	 1.037276e-03	 1.709763e-05	-6.470949e-05	 3.988828e-03	 1.251797e-03	 2.171391e-03	 3.007959e-04	-3.511959e-04	 5.826061e-04	-3.798994e-04	-1.302864e-03	-1.925301e-03	 1.119266e-06	-1.077992e-08	 9.344663e-06	-1.074563e-06	-1.208180e-05	-5.447539e-05	 8.656209e-05	 3.578246e-05	 7.172440e-03	-2.996620e-04	 6.363134e-04	 4.449278e-03	-9.250479e-08	 8.101502e-08	 2.698847e-07	-2.823604e-04	-1.782384e-07	-3.278760e-08	-1.160529e-14	-1.280268e-06	
-2.618098e-07	 1.183356e-06	 3.493911e-07	 1.662659e-01	-6.874571e-04	-6.436734e-06	-3.620129e-06	-3.611166e-06	-3.332192e-04	-3.512043e-05	-3.616272e-04	 7.435183e-03	 2.109779e-03	 9.554627e-04	 1.575267e-03	 4.098970e-04	-4.873692e-04	 2.671903e-04	-1.786487e-04	 7.817516e-04	-1.387543e-06	-2.979279e-06	 7.819287e-06	-5.610787e-06	-7.006818e-06	-2.073563e-05	-3.704640e-04	 7.293680e-04	-2.996620e-04	 2.938013e-03	 5.196909e-04	-9.165558e-04	-7.102814e-08	 1.301862e-07	-8.590859e-07	-2.807140e-04	-8.547467e-06	-1.119532e-07	-1.366099e-14	 1.798974e-06	
-5.954268e-07	 3.005188e-06	 4.765417e-07	 9.251796e-02	-1.639196e-03	-1.476404e-05	-8.233437e-06	-9.343617e-06	-9.765187e-04	-7.252383e-06	-6.935927e-04	 2.665330e-03	 6.576066e-03	 3.221013e-03	 6.199972e-03	 5.551587e-04	 1.240557e-04	 2.091666e-04	 1.577278e-04	-6.078371e-04	-2.650378e-06	-4.079612e-06	 7.390387e-06	-3.796315e-06	 2.060750e-05	-9.384808e-05	-9.327679e-05	 4.759853e-05	 6.363134e-04	 5.196909e-04	 6.399287e-03	 7.779706e-03	-8.564589e-08	-8.555250e-08	-1.309207e-06	-7.580642e-04	-2.048341e-05	-2.545316e-07	-3.117444e-14	 4.347593e-06	
-2.237730e-06	 1.245190e-05	 1.063035e-06	-7.057985e-02	-6.427031e-03	-4.549953e-05	-3.042695e-05	-4.003402e-05	 3.844455e-03	 1.181682e-04	-3.149460e-03	 3.007716e-02	 3.219289e-02	 1.267076e-02	 8.336257e-03	 2.808303e-04	-5.078933e-04	-4.853681e-04	 6.486591e-03	 9.852630e-03	-7.370216e-06	-5.276948e-06	-5.973416e-05	-5.671644e-06	-1.813076e-04	-1.432215e-04	-9.211559e-05	-6.899755e-04	 4.449278e-03	-9.165558e-04	 7.779706e-03	 6.979418e-02	-5.364770e-07	-5.331745e-07	 4.551252e-06	-3.286270e-03	-8.026857e-05	-9.562633e-07	-9.658619e-14	 2.186684e-05	
 2.870678e-09	-1.304857e-08	 3.641980e-09	-4.560526e-03	 6.256163e-06	 6.753814e-08	-6.123023e-08	-3.113803e-08	-1.900983e-04	 4.356621e-06	 1.092255e-04	 3.741936e-03	 8.980876e-05	 4.361874e-04	 4.485183e-04	-8.172189e-05	 1.756310e-04	-1.757527e-04	-1.672335e-05	 6.978402e-05	-2.691443e-08	-3.245637e-08	-3.817342e-08	-2.646383e-08	-3.263658e-07	 6.580827e-08	 2.801434e-08	-2.584017e-08	-9.250479e-08	-7.102814e-08	-8.564589e-08	-5.364770e-07	 3.735653e-07	-1.587918e-10	 2.247223e-09	-3.897185e-06	 7.443185e-08	 1.227194e-09	 1.418006e-16	-3.648572e-08	
-1.832749e-09	 4.380987e-09	 3.931206e-09	 5.094896e-03	-2.307506e-06	-7.887410e-08	-7.909631e-08	-4.115521e-08	 7.072141e-04	-1.452610e-06	-3.993045e-05	 4.985844e-04	 1.027394e-04	-3.787225e-04	-1.332969e-03	 7.039795e-06	 2.911902e-07	-3.996711e-05	 4.039450e-04	 9.213300e-04	-5.255504e-09	-1.022652e-08	-1.524162e-08	-1.624718e-08	-1.892853e-07	-1.568926e-07	-7.317303e-08	 3.415106e-08	 8.101502e-08	 1.301862e-07	-8.555250e-08	-5.331745e-07	-1.587918e-10	 3.853124e-07	-2.194878e-09	-3.606646e-06	-2.550308e-08	-7.829972e-10	-1.670420e-16	-3.049479e-08	
 2.082781e-08	-3.070094e-07	 3.162052e-08	 3.114274e-02	 1.502696e-04	 1.013747e-05	 7.368337e-07	-7.429003e-07	 6.202779e-04	 1.403520e-06	-3.930971e-06	 3.671371e-03	 5.943145e-04	 4.524136e-04	 1.307730e-03	-2.829500e-05	 1.898698e-05	-8.734341e-06	-1.341278e-05	 8.067546e-04	 9.757515e-07	 7.944854e-07	 1.040844e-06	 1.456277e-06	 7.245223e-07	 6.029257e-06	 6.513693e-07	-3.339879e-07	 2.698847e-07	-8.590859e-07	-1.309207e-06	 4.551252e-06	 2.247223e-09	-2.194878e-09	 6.135468e-06	-8.425399e-05	 2.063902e-06	 8.900624e-09	 2.141249e-14	 3.230140e-06	
 2.204385e-05	-3.717667e-04	 5.876990e-05	 7.911602e+00	 1.616219e-01	 9.802070e-03	 9.707663e-04	 5.397945e-03	-1.572920e-01	 2.977351e-03	 4.164887e-02	-9.109426e-01	-3.988649e-01	-1.061769e-01	 4.023610e-03	-6.446438e-02	-7.794545e-04	-6.445101e-03	-1.266528e-02	 1.412026e-02	 1.733007e-04	 1.854799e-04	 3.283408e-05	 1.733952e-04	-2.581028e-06	-2.796820e-04	-1.418723e-04	-2.235140e-06	-2.823604e-04	-2.807140e-04	-7.580642e-04	-3.286270e-03	-3.897185e-06	-3.606646e-06	-8.425399e-05	 5.323868e-01	 2.231994e-03	 9.418905e-06	 2.075695e-11	 3.053497e-03	
 6.417333e-07	-9.858977e-06	 1.471393e-06	 6.988791e-01	 4.504789e-03	 3.572090e-05	 2.054733e-05	 2.516609e-05	-1.686805e-03	 3.079833e-05	 5.660437e-04	-1.085625e-02	-6.458979e-03	-2.401363e-03	-2.194872e-04	-9.096216e-04	 6.788891e-05	-1.886840e-04	-2.656113e-04	 3.021661e-04	 4.135342e-06	 4.257043e-06	-4.413545e-07	 4.816438e-06	 5.257896e-06	 1.167415e-05	-3.832835e-06	-1.732158e-06	-1.782384e-07	-8.547467e-06	-2.048341e-05	-8.026857e-05	 7.443185e-08	-2.550308e-08	 2.063902e-06	 2.231994e-03	 6.152822e-05	 2.742528e-07	 7.575034e-14	-1.213316e-05	
 9.170702e-09	-3.790713e-08	-6.988981e-09	-2.551370e-03	 2.277487e-05	 1.891943e-07	 1.181470e-07	 1.215206e-07	-3.449416e-05	 6.611676e-07	 9.227941e-06	-1.754196e-04	-9.767746e-05	-2.771511e-05	 3.804956e-06	-1.611371e-05	-1.298004e-07	-4.329167e-06	-6.148183e-06	 2.616547e-06	 2.696401e-08	 2.678944e-08	 6.054649e-08	 3.172514e-08	 1.540553e-07	 2.407484e-07	-3.063620e-08	-2.994818e-08	-3.278760e-08	-1.119532e-07	-2.545316e-07	-9.562633e-07	 1.227194e-09	-7.829972e-10	 8.900624e-09	 9.418905e-06	 2.742528e-07	 3.919430e-09	 4.008677e-16	-5.780036e-08	
 9.382862e-16	-1.193879e-14	 3.337839e-15	 7.979630e-10	 5.676006e-12	 4.469856e-13	 2.715486e-14	 2.104183e-13	-6.629866e-12	 2.111140e-13	 1.528343e-12	-2.718605e-11	-1.150911e-11	 2.234006e-12	 1.236721e-11	-4.121339e-12	-6.418046e-13	-1.449004e-12	-1.632460e-12	 3.535389e-12	 7.222885e-15	 6.792223e-15	 4.087871e-15	 8.795373e-15	-8.615042e-15	 4.359005e-16	-1.644295e-15	-1.755698e-15	-1.160529e-14	-1.366099e-14	-3.117444e-14	-9.658619e-14	 1.418006e-16	-1.670420e-16	 2.141249e-14	 2.075695e-11	 7.575034e-14	 4.008677e-16	 9.465663e-22	 1.513837e-13	
-1.352076e-07	 2.310673e-06	 1.699037e-07	 4.234909e-01	-8.242516e-04	 7.151522e-05	-1.836366e-06	 2.969409e-05	-1.507201e-03	 5.079655e-05	 2.402960e-04	-5.605181e-03	-1.333636e-04	 2.485707e-03	 4.090939e-03	-9.304132e-04	-6.501924e-05	-2.732646e-04	-2.443749e-04	 8.994221e-04	-8.125813e-08	-1.885204e-07	 4.416055e-07	-4.700661e-08	-5.287143e-06	-7.352288e-06	 1.460715e-06	 7.839511e-07	-1.280268e-06	 1.798974e-06	 4.347593e-06	 2.186684e-05	-3.648572e-08	-3.049479e-08	 3.230140e-06	 3.053497e-03	-1.213316e-05	-5.780036e-08	 1.513837e-13	 3.677782e-05	
