#          omega_b,        omega_cdm,   omega_ini_dcdm, log10_Gamma_dcdm_Gyr,               H0,     ln10^{10}A_s,              n_s,         tau_reio,        A_cib_217,        xi_sz_cib,             A_sz,     ps_A_100_100,     ps_A_143_143,     ps_A_143_217,     ps_A_217_217,         ksz_norm,     gal545_A_100,     gal545_A_143, gal545_A_143_217,     gal545_A_217,    galf_EE_A_100, galf_EE_A_100_143, galf_EE_A_100_217,    galf_EE_A_143, galf_EE_A_143_217,    galf_EE_A_217,    galf_TE_A_100, galf_TE_A_100_143, galf_TE_A_100_217,    galf_TE_A_143, galf_TE_A_143_217,    galf_TE_A_217,       calib_100T,       calib_217T,         A_planck,           z_reio,     Omega_Lambda,              YHe,              A_s,           sigma8
 4.953533e-08	 4.765124e-09	 1.247383e-06	 4.027440e-05	 1.410769e-04	 1.132839e-06	 7.669731e-07	 4.915982e-07	 9.166213e-06	 1.677348e-07	 6.595804e-07	-8.384468e-05	-6.776638e-05	-6.031998e-05	-6.154756e-05	-3.655485e-06	 2.923004e-06	-7.345447e-06	-9.418694e-06	-1.564428e-05	 1.284539e-07	 1.368267e-07	 1.373292e-07	 1.537121e-07	 4.730479e-07	 5.520286e-07	-1.082701e-07	-1.162607e-07	-1.301184e-07	-4.386637e-07	-1.139656e-06	-4.733152e-06	 4.331392e-09	 1.042565e-09	 3.028903e-08	 3.727974e-05	 1.137441e-06	 2.103393e-08	 2.429446e-15	 4.161335e-07	
 4.765124e-09	 4.148747e-06	 1.900766e-05	 2.876671e-04	 1.263881e-04	 1.276761e-06	 3.280837e-06	-4.062354e-06	 1.745441e-03	-2.144091e-05	-2.538103e-04	 7.575337e-03	 4.751181e-03	 1.949923e-03	-1.426151e-04	 5.165158e-04	 7.274956e-05	 2.061067e-04	 3.995718e-04	-1.330836e-04	-1.373688e-07	-1.339299e-07	-2.604638e-06	-2.004766e-07	-6.507235e-06	-8.252954e-06	 2.050237e-07	 1.507387e-07	-1.083601e-06	 1.529842e-06	 1.174885e-06	 1.048133e-05	-6.636130e-09	 3.990811e-08	-4.957060e-07	-3.199411e-04	-7.744457e-06	 1.913352e-09	 2.689074e-15	 1.419540e-05	
 1.247383e-06	 1.900766e-05	 2.132453e-04	 4.523422e-03	 8.712727e-03	 4.469434e-05	 4.614668e-05	 8.151326e-06	 1.670730e-02	-1.719128e-04	-2.132831e-03	 6.671995e-02	 5.051853e-02	 2.647963e-02	 7.069823e-03	 4.306311e-03	 7.439867e-04	 1.333237e-03	 3.312149e-03	-1.588322e-03	 5.593148e-06	 5.386778e-06	-2.398628e-05	 5.436393e-06	-4.730026e-05	-5.016849e-05	-1.719829e-06	-1.647959e-06	-7.113284e-06	-3.395133e-06	-2.279074e-05	-8.084509e-05	-1.094909e-07	 4.272839e-07	-6.937594e-07	 9.170635e-04	 3.400653e-05	 5.286491e-07	 9.571541e-14	 7.123671e-05	
 4.027440e-05	 2.876671e-04	 4.523422e-03	 3.444087e-01	 1.463918e-01	 2.429185e-04	 3.498965e-04	 2.620287e-04	 4.854360e-01	-5.624992e-03	-7.033049e-02	 1.932825e+00	 1.552470e+00	 8.185441e-01	 2.719598e-01	 1.254452e-01	 1.713623e-02	 3.150388e-02	 9.088213e-02	-4.364818e-02	 1.040260e-04	 1.044524e-04	-9.008467e-04	 1.143497e-04	-1.544581e-03	-1.184676e-03	-2.326756e-05	-6.984132e-05	-6.988926e-05	-8.210577e-05	-6.980338e-04	-3.790880e-03	-1.764147e-06	 1.335098e-05	-1.299297e-06	 2.264316e-02	 6.023015e-04	 1.713372e-05	 5.187842e-13	 3.482956e-04	
 1.410769e-04	 1.263881e-04	 8.712727e-03	 1.463918e-01	 8.224200e-01	 6.184091e-03	 5.239212e-03	 2.697596e-03	 5.353285e-01	-4.110364e-03	-5.390035e-02	 1.600091e+00	 1.032570e+00	 3.463952e-01	-2.332783e-01	 1.337420e-01	 3.940683e-02	 4.302167e-02	 1.025606e-01	-5.234453e-02	 7.634893e-04	 7.689319e-04	-7.814371e-04	 8.032891e-04	-1.490883e-03	-8.196698e-04	-2.770318e-04	-2.164184e-04	-2.691966e-04	-1.251260e-03	-3.027841e-03	-1.261418e-02	 5.306150e-06	 1.438801e-05	 1.489737e-04	 2.380138e-01	 6.729909e-03	 5.985110e-05	 1.326831e-11	 3.484297e-03	
 1.132839e-06	 1.276761e-06	 4.469434e-05	 2.429185e-04	 6.184091e-03	 4.330836e-04	 5.734502e-05	 1.911813e-04	-1.222976e-03	 4.359229e-05	 2.086348e-05	-4.176859e-03	-8.960488e-03	-5.864000e-03	 2.143742e-04	-1.147315e-03	-1.587392e-04	-7.698993e-04	-1.366544e-03	 1.709898e-03	 8.462370e-06	 8.359723e-06	 2.799210e-06	 1.072031e-05	-3.744981e-05	 5.771965e-06	 3.842817e-07	-3.015788e-06	-1.361651e-06	-1.972512e-05	-2.221657e-05	-9.165375e-05	 1.871656e-07	-7.693844e-08	 1.752650e-05	 1.855226e-02	 4.969171e-05	 4.805826e-07	 9.285690e-13	 1.962805e-04	
 7.669731e-07	 3.280837e-06	 4.614668e-05	 3.498965e-04	 5.239212e-03	 5.734502e-05	 6.644930e-05	 2.057672e-05	-3.840855e-03	 5.581033e-05	 3.751911e-04	-2.534742e-02	-1.068703e-02	-4.994457e-03	-9.714849e-04	-1.396385e-03	 8.717175e-04	-1.539363e-04	-4.778481e-04	 1.212010e-03	 9.722455e-06	 1.009550e-05	-2.540137e-06	 1.065485e-05	-1.298400e-05	-1.243237e-05	-2.119304e-06	-3.681184e-08	 5.998226e-07	-7.582337e-06	-9.906249e-06	-4.327107e-05	-1.175497e-07	-5.171107e-08	 6.401382e-07	 1.925546e-03	 3.791698e-05	 3.253765e-07	 1.230273e-13	 5.248728e-05	
 4.915982e-07	-4.062354e-06	 8.151326e-06	 2.620287e-04	 2.697596e-03	 1.911813e-04	 2.057672e-05	 1.039483e-04	-1.688318e-03	 1.636163e-05	 2.819725e-04	-1.124200e-02	-6.197533e-03	-3.212986e-03	-2.058473e-03	-5.522937e-04	 1.384197e-04	-8.059175e-05	-4.345818e-04	-4.153481e-04	 3.074764e-06	 3.345187e-06	 6.038892e-07	 3.286228e-06	-8.332141e-06	 6.431857e-06	-1.263471e-06	-1.322235e-06	 3.508886e-08	-9.574498e-06	-1.172740e-05	-6.763303e-05	-5.858104e-08	-5.460529e-08	-2.475707e-06	 1.002278e-02	 3.150583e-05	 2.086484e-07	 4.101750e-13	 6.909862e-05	
 9.166213e-06	 1.745441e-03	 1.670730e-02	 4.854360e-01	 5.353285e-01	-1.222976e-03	-3.840855e-03	-1.688318e-03	 8.893900e+01	-4.063168e-01	-1.659887e+00	 7.192694e+01	 1.243772e+01	-1.523053e+01	-1.060320e+02	 8.813391e-02	 3.746216e-01	 1.292854e+00	-1.056762e+01	-6.586804e+01	-3.815948e-04	-4.997229e-04	-3.823585e-03	-5.880426e-04	-1.683296e-04	 9.035073e-04	-5.951131e-04	 1.684800e-03	-9.037591e-04	-9.389842e-05	-1.081170e-02	-6.543636e-03	-3.552700e-04	 1.469940e-03	 1.444433e-03	-1.297023e-01	 9.979140e-04	 3.825450e-06	-2.637795e-12	 2.319014e-03	
 1.677348e-07	-2.144091e-05	-1.719128e-04	-5.624992e-03	-4.110364e-03	 4.359229e-05	 5.581033e-05	 1.636163e-05	-4.063168e-01	 8.269212e-02	-3.117939e-02	-6.500804e-01	 8.290248e-01	 1.626949e+00	 6.373122e-01	 2.538218e-02	-9.406272e-03	 8.839543e-03	 1.087986e-01	 1.558290e-01	 5.882393e-06	 3.880730e-06	-3.462433e-05	 7.054374e-06	 7.121440e-05	-3.034709e-04	-8.551770e-06	-1.852521e-05	 8.530472e-05	-2.906785e-05	 6.412876e-05	 2.738453e-04	 4.598539e-06	-1.989498e-06	-1.297550e-06	 1.124764e-03	 8.730783e-06	 7.171973e-08	 9.330056e-14	-1.872815e-05	
 6.595804e-07	-2.538103e-04	-2.132831e-03	-7.033049e-02	-5.390035e-02	 2.086348e-05	 3.751911e-04	 2.819725e-04	-1.659887e+00	-3.117939e-02	 5.338379e+00	-4.435219e+01	-6.580439e+00	 9.318704e+00	 6.070411e+00	-2.848076e+00	-3.126117e-01	 1.738155e-01	 3.586975e+00	 4.557683e+00	 9.857483e-05	 9.894606e-05	 1.449973e-03	 5.263930e-05	 2.289001e-03	 1.318802e-03	-2.189753e-04	 1.003485e-04	 4.891298e-04	-2.659535e-04	 7.653403e-04	-2.838808e-03	 1.544790e-04	-6.892391e-05	-2.720291e-05	 2.210926e-02	 6.124774e-05	 2.852438e-07	 5.290019e-14	-4.901899e-04	
-8.384468e-05	 7.575337e-03	 6.671995e-02	 1.932825e+00	 1.600091e+00	-4.176859e-03	-2.534742e-02	-1.124200e-02	 7.192694e+01	-6.500804e-01	-4.435219e+01	 1.443745e+03	 1.571353e+02	-4.390755e+01	-8.205307e+01	 1.310487e+01	-1.293268e+01	 1.246072e+01	-1.052652e+01	-3.340051e+01	-3.813396e-03	-3.593018e-03	-2.193262e-02	-2.365461e-03	-2.542116e-03	 4.808413e-03	 8.745265e-03	-6.836491e-03	 2.823527e-03	 9.153455e-03	-2.440633e-02	 2.081983e-03	 7.923137e-03	 1.098465e-03	 7.794084e-03	-9.231058e-01	-1.773215e-03	-3.584512e-05	-9.095066e-12	 8.743115e-03	
-6.776638e-05	 4.751181e-03	 5.051853e-02	 1.552470e+00	 1.032570e+00	-8.960488e-03	-1.068703e-02	-6.197533e-03	 1.243772e+01	 8.290248e-01	-6.580439e+00	 1.571353e+02	 1.236116e+02	 6.466497e+01	 2.350003e+01	-6.318618e+00	-5.421831e-01	-2.474235e+00	 6.463976e+00	 6.807485e+00	-1.855311e-03	-1.959698e-03	-1.428652e-02	-2.138626e-03	-2.104560e-02	-2.127768e-02	 1.914458e-03	 6.919673e-04	 4.122162e-04	 2.037197e-03	-4.924672e-04	 2.713131e-02	 5.194444e-05	 3.752994e-04	 1.409894e-03	-4.929556e-01	-8.750889e-04	-2.898983e-05	-1.924622e-11	 2.721206e-03	
-6.031998e-05	 1.949923e-03	 2.647963e-02	 8.185441e-01	 3.463952e-01	-5.864000e-03	-4.994457e-03	-3.212986e-03	-1.523053e+01	 1.626949e+00	 9.318704e+00	-4.390755e+01	 6.466497e+01	 1.152710e+02	 7.956390e+01	-1.401817e+01	-1.127280e+00	-1.885536e+00	 3.122496e+00	 8.168660e+00	-6.958622e-04	-8.596018e-04	-7.072590e-03	-7.339278e-04	-1.224212e-02	-2.291390e-02	 1.397552e-03	-3.184971e-04	 6.641547e-03	 1.721617e-03	 6.725467e-03	 8.026988e-03	 5.324799e-04	-6.150874e-04	 7.757871e-04	-2.602710e-01	-1.002176e-03	-2.574371e-05	-1.259887e-11	-1.098786e-03	
-6.154756e-05	-1.426151e-04	 7.069823e-03	 2.719598e-01	-2.332783e-01	 2.143742e-04	-9.714849e-04	-2.058473e-03	-1.060320e+02	 6.373122e-01	 6.070411e+00	-8.205307e+01	 2.350003e+01	 7.956390e+01	 1.925010e+02	-1.121947e+01	-9.995896e-01	-2.874462e+00	 6.664944e+00	 6.168846e+01	 1.245863e-04	-4.871872e-06	-9.816101e-04	 5.438376e-04	-1.412428e-02	-1.670959e-02	 2.615180e-03	-2.342158e-03	 2.904193e-03	 2.447172e-03	 1.916152e-02	 1.090943e-02	 6.834926e-04	-2.637262e-03	 2.247944e-03	-1.927976e-01	-1.661795e-03	-2.617617e-05	 4.019409e-13	-2.269666e-03	
-3.655485e-06	 5.165158e-04	 4.306311e-03	 1.254452e-01	 1.337420e-01	-1.147315e-03	-1.396385e-03	-5.522937e-04	 8.813391e-02	 2.538218e-02	-2.848076e+00	 1.310487e+01	-6.318618e+00	-1.401817e+01	-1.121947e+01	 7.397394e+00	 1.386082e-01	-1.961628e-01	-2.143260e+00	-2.417223e+00	-1.756727e-04	-2.417441e-04	-3.001083e-04	-2.410965e-04	-7.139057e-04	 2.418937e-03	 1.032980e-05	 1.012623e-04	-6.721795e-04	 7.692715e-04	-1.646606e-03	-2.407057e-03	-7.909368e-05	 1.626780e-05	 3.921181e-05	-4.223451e-02	 9.290861e-05	-1.566542e-06	-2.458813e-12	 4.157107e-04	
 2.923004e-06	 7.274956e-05	 7.439867e-04	 1.713623e-02	 3.940683e-02	-1.587392e-04	 8.717175e-04	 1.384197e-04	 3.746216e-01	-9.406272e-03	-3.126117e-01	-1.293268e+01	-5.421831e-01	-1.127280e+00	-9.995896e-01	 1.386082e-01	 6.677526e+00	 1.113872e+00	 4.088006e-01	 3.152488e-01	 1.691818e-04	 2.213802e-04	 7.347016e-04	 2.864094e-04	 2.143194e-03	 1.592492e-03	-8.475144e-04	 2.725328e-04	 7.140124e-04	-1.310826e-03	 6.047582e-04	-2.357353e-03	 3.596915e-04	-8.000424e-06	 1.309275e-05	 1.460803e-02	 1.878602e-04	 1.231189e-06	-3.359254e-13	 3.854488e-04	
-7.345447e-06	 2.061067e-04	 1.333237e-03	 3.150388e-02	 4.302167e-02	-7.698993e-04	-1.539363e-04	-8.059175e-05	 1.292854e+00	 8.839543e-03	 1.738155e-01	 1.246072e+01	-2.474235e+00	-1.885536e+00	-2.874462e+00	-1.961628e-01	 1.113872e+00	 6.344189e+00	 5.338405e+00	 5.294349e+00	 7.348003e-05	 4.825235e-05	 1.243583e-03	-4.888087e-05	 2.322024e-03	 2.465500e-03	 7.052158e-04	-5.660228e-04	-8.860508e-04	-3.314149e-04	 7.448210e-06	 4.303300e-04	-3.611923e-04	-7.488637e-05	 4.657643e-08	-1.981036e-03	-4.295157e-05	-3.129257e-06	-1.640424e-12	 2.681508e-04	
-9.418694e-06	 3.995718e-04	 3.312149e-03	 9.088213e-02	 1.025606e-01	-1.366544e-03	-4.778481e-04	-4.345818e-04	-1.056762e+01	 1.087986e-01	 3.586975e+00	-1.052652e+01	 6.463976e+00	 3.122496e+00	 6.664944e+00	-2.143260e+00	 4.088006e-01	 5.338405e+00	 2.032587e+01	 3.702564e+01	-5.534303e-05	-3.695119e-05	 1.766346e-03	-3.614742e-04	 2.695630e-03	 1.242415e-03	 3.175679e-04	 1.283813e-05	-2.962696e-03	-8.049071e-04	 1.078092e-04	 1.158688e-02	-9.755651e-05	 8.378697e-04	 7.684663e-06	-3.271277e-02	 7.651537e-05	-4.023786e-06	-2.909412e-12	 3.580717e-04	
-1.564428e-05	-1.330836e-04	-1.588322e-03	-4.364818e-02	-5.234453e-02	 1.709898e-03	 1.212010e-03	-4.153481e-04	-6.586804e+01	 1.558290e-01	 4.557683e+00	-3.340051e+01	 6.807485e+00	 8.168660e+00	 6.168846e+01	-2.417223e+00	 3.152488e-01	 5.294349e+00	 3.702564e+01	 1.055354e+02	 3.462211e-04	 4.793157e-04	 5.497138e-03	 4.037040e-04	 4.147501e-03	 2.649875e-03	 3.770178e-04	-7.185103e-04	-2.316837e-03	-2.103351e-04	 2.619175e-03	 2.302161e-02	 6.728298e-05	 1.872375e-03	 1.513784e-03	-4.057151e-02	-1.410016e-04	-6.646458e-06	 3.656586e-12	 9.154076e-04	
 1.284539e-07	-1.373688e-07	 5.593148e-06	 1.040260e-04	 7.634893e-04	 8.462370e-06	 9.722455e-06	 3.074764e-06	-3.815948e-04	 5.882393e-06	 9.857483e-05	-3.813396e-03	-1.855311e-03	-6.958622e-04	 1.245863e-04	-1.756727e-04	 1.691818e-04	 7.348003e-05	-5.534303e-05	 3.462211e-04	 1.011912e-04	 2.690709e-05	 2.024014e-06	 1.016814e-05	 2.405191e-06	 1.667740e-06	-3.028411e-06	-1.470074e-06	-2.294929e-06	 1.116934e-06	-2.096707e-06	-1.993944e-07	-9.206867e-08	-2.141071e-08	 1.749720e-06	 2.722047e-04	 6.796732e-06	 5.453611e-08	 1.813917e-14	 5.364979e-06	
 1.368267e-07	-1.339299e-07	 5.386778e-06	 1.044524e-04	 7.689319e-04	 8.359723e-06	 1.009550e-05	 3.345187e-06	-4.997229e-04	 3.880730e-06	 9.894606e-05	-3.593018e-03	-1.959698e-03	-8.596018e-04	-4.871872e-06	-2.417441e-04	 2.213802e-04	 4.825235e-05	-3.695119e-05	 4.793157e-04	 2.690709e-05	 6.534004e-05	 2.200241e-06	 3.225716e-05	 4.441215e-06	-7.587257e-08	-5.459485e-07	-2.175592e-06	-1.999374e-06	-5.197672e-06	-2.829914e-06	 4.956923e-07	-7.055250e-08	-2.183835e-08	 1.424512e-06	 2.981558e-04	 6.820830e-06	 5.807508e-08	 1.791002e-14	 5.451736e-06	
 1.373292e-07	-2.604638e-06	-2.398628e-05	-9.008467e-04	-7.814371e-04	 2.799210e-06	-2.540137e-06	 6.038892e-07	-3.823585e-03	-3.462433e-05	 1.449973e-03	-2.193262e-02	-1.428652e-02	-7.072590e-03	-9.816101e-04	-3.001083e-04	 7.347016e-04	 1.243583e-03	 1.766346e-03	 5.497138e-03	 2.024014e-06	 2.200241e-06	 1.884149e-02	-1.598873e-07	 5.775062e-04	 1.100704e-03	-1.131091e-06	-3.333461e-06	-1.757845e-05	 7.240628e-06	-5.362606e-05	-1.706398e-04	-2.480171e-07	-2.318699e-08	 5.210909e-06	-4.284824e-05	-1.783558e-06	 5.828904e-08	 6.154525e-15	-6.978966e-06	
 1.537121e-07	-2.004766e-07	 5.436393e-06	 1.143497e-04	 8.032891e-04	 1.072031e-05	 1.065485e-05	 3.286228e-06	-5.880426e-04	 7.054374e-06	 5.263930e-05	-2.365461e-03	-2.138626e-03	-7.339278e-04	 5.438376e-04	-2.410965e-04	 2.864094e-04	-4.888087e-05	-3.614742e-04	 4.037040e-04	 1.016814e-05	 3.225716e-05	-1.598873e-07	 1.139752e-04	 7.569669e-06	 2.992153e-06	 3.020822e-06	-3.524073e-06	 1.297178e-06	-1.011500e-05	-3.297201e-06	-3.733062e-06	-7.855861e-08	-1.482329e-08	 2.794082e-06	 2.857819e-04	 7.231766e-06	 6.524986e-08	 2.296917e-14	 6.269590e-06	
 4.730479e-07	-6.507235e-06	-4.730026e-05	-1.544581e-03	-1.490883e-03	-3.744981e-05	-1.298400e-05	-8.332141e-06	-1.683296e-04	 7.121440e-05	 2.289001e-03	-2.542116e-03	-2.104560e-02	-1.224212e-02	-1.412428e-02	-7.139057e-04	 2.143194e-03	 2.322024e-03	 2.695630e-03	 4.147501e-03	 2.405191e-06	 4.441215e-06	 5.775062e-04	 7.569669e-06	 1.994934e-02	 2.161539e-03	 8.215863e-06	-6.663387e-06	-7.207437e-05	-1.862681e-05	-5.368857e-05	-5.225174e-04	-6.383660e-07	 1.239108e-07	 2.135449e-06	-1.058304e-03	-4.530339e-07	 2.008595e-07	-8.020603e-14	-4.022166e-05	
 5.520286e-07	-8.252954e-06	-5.016849e-05	-1.184676e-03	-8.196698e-04	 5.771965e-06	-1.243237e-05	 6.431857e-06	 9.035073e-04	-3.034709e-04	 1.318802e-03	 4.808413e-03	-2.127768e-02	-2.291390e-02	-1.670959e-02	 2.418937e-03	 1.592492e-03	 2.465500e-03	 1.242415e-03	 2.649875e-03	 1.667740e-06	-7.587257e-08	 1.100704e-03	 2.992153e-06	 2.161539e-03	 7.395383e-02	 1.065265e-05	 2.925142e-05	-3.161950e-05	 2.135766e-05	-1.958460e-04	-4.526794e-04	-4.414111e-07	-7.752373e-07	 1.106576e-05	 3.250328e-04	 9.420573e-06	 2.349412e-07	 1.274100e-14	-2.799776e-05	
-1.082701e-07	 2.050237e-07	-1.719829e-06	-2.326756e-05	-2.770318e-04	 3.842817e-07	-2.119304e-06	-1.263471e-06	-5.951131e-04	-8.551770e-06	-2.189753e-04	 8.745265e-03	 1.914458e-03	 1.397552e-03	 2.615180e-03	 1.032980e-05	-8.475144e-04	 7.052158e-04	 3.175679e-04	 3.770178e-04	-3.028411e-06	-5.459485e-07	-1.131091e-06	 3.020822e-06	 8.215863e-06	 1.065265e-05	 2.684398e-03	 5.245186e-04	 1.690423e-04	-6.503553e-04	-1.814632e-04	-1.504056e-04	 2.626738e-08	-9.402210e-08	 1.150475e-06	-9.345328e-05	-2.638666e-06	-4.596100e-08	 7.848364e-16	 8.020099e-07	
-1.162607e-07	 1.507387e-07	-1.647959e-06	-6.984132e-05	-2.164184e-04	-3.015788e-06	-3.681184e-08	-1.322235e-06	 1.684800e-03	-1.852521e-05	 1.003485e-04	-6.836491e-03	 6.919673e-04	-3.184971e-04	-2.342158e-03	 1.012623e-04	 2.725328e-04	-5.660228e-04	 1.283813e-05	-7.185103e-04	-1.470074e-06	-2.175592e-06	-3.333461e-06	-3.524073e-06	-6.663387e-06	 2.925142e-05	 5.245186e-04	 1.710097e-03	 8.072418e-05	 1.409428e-03	 8.362829e-05	-1.331876e-03	-6.110329e-08	 8.647482e-08	-3.244620e-07	-1.006634e-04	-1.957217e-06	-4.937275e-08	-6.454975e-15	-3.659418e-08	
-1.301184e-07	-1.083601e-06	-7.113284e-06	-6.988926e-05	-2.691966e-04	-1.361651e-06	 5.998226e-07	 3.508886e-08	-9.037591e-04	 8.530472e-05	 4.891298e-04	 2.823527e-03	 4.122162e-04	 6.641547e-03	 2.904193e-03	-6.721795e-04	 7.140124e-04	-8.860508e-04	-2.962696e-03	-2.316837e-03	-2.294929e-06	-1.999374e-06	-1.757845e-05	 1.297178e-06	-7.207437e-05	-3.161950e-05	 1.690423e-04	 8.072418e-05	 1.435974e-02	-5.612539e-04	 1.299812e-03	 8.850726e-03	-6.154994e-09	 1.303089e-07	 5.454529e-07	-1.003315e-05	 1.849169e-07	-5.514010e-08	-2.678894e-15	-2.979514e-06	
-4.386637e-07	 1.529842e-06	-3.395133e-06	-8.210577e-05	-1.251260e-03	-1.972512e-05	-7.582337e-06	-9.574498e-06	-9.389842e-05	-2.906785e-05	-2.659535e-04	 9.153455e-03	 2.037197e-03	 1.721617e-03	 2.447172e-03	 7.692715e-04	-1.310826e-03	-3.314149e-04	-8.049071e-04	-2.103351e-04	 1.116934e-06	-5.197672e-06	 7.240628e-06	-1.011500e-05	-1.862681e-05	 2.135766e-05	-6.503553e-04	 1.409428e-03	-5.612539e-04	 5.616482e-03	 1.010825e-03	-1.749194e-03	 3.246305e-07	 2.008512e-07	-1.917985e-06	-8.174220e-04	-1.343767e-05	-1.863990e-07	-4.227532e-14	-3.365282e-06	
-1.139656e-06	 1.174885e-06	-2.279074e-05	-6.980338e-04	-3.027841e-03	-2.221657e-05	-9.906249e-06	-1.172740e-05	-1.081170e-02	 6.412876e-05	 7.653403e-04	-2.440633e-02	-4.924672e-04	 6.725467e-03	 1.916152e-02	-1.646606e-03	 6.047582e-04	 7.448210e-06	 1.078092e-04	 2.619175e-03	-2.096707e-06	-2.829914e-06	-5.362606e-05	-3.297201e-06	-5.368857e-05	-1.958460e-04	-1.814632e-04	 8.362829e-05	 1.299812e-03	 1.010825e-03	 1.287865e-02	 1.568291e-02	-4.313342e-08	-3.137658e-07	-7.135598e-07	-8.788046e-04	-2.700132e-05	-4.840577e-07	-4.760240e-14	-1.253245e-06	
-4.733152e-06	 1.048133e-05	-8.084509e-05	-3.790880e-03	-1.261418e-02	-9.165375e-05	-4.327107e-05	-6.763303e-05	-6.543636e-03	 2.738453e-04	-2.838808e-03	 2.081983e-03	 2.713131e-02	 8.026988e-03	 1.090943e-02	-2.407057e-03	-2.357353e-03	 4.303300e-04	 1.158688e-02	 2.302161e-02	-1.993944e-07	 4.956923e-07	-1.706398e-04	-3.733062e-06	-5.225174e-04	-4.526794e-04	-1.504056e-04	-1.331876e-03	 8.850726e-03	-1.749194e-03	 1.568291e-02	 1.397010e-01	-1.802506e-06	-7.745280e-07	 9.523929e-06	-5.371953e-03	-1.243555e-04	-2.010115e-06	-1.971864e-13	 1.362288e-05	
 4.331392e-09	-6.636130e-09	-1.094909e-07	-1.764147e-06	 5.306150e-06	 1.871656e-07	-1.175497e-07	-5.858104e-08	-3.552700e-04	 4.598539e-06	 1.544790e-04	 7.923137e-03	 5.194444e-05	 5.324799e-04	 6.834926e-04	-7.909368e-05	 3.596915e-04	-3.611923e-04	-9.755651e-05	 6.728298e-05	-9.206867e-08	-7.055250e-08	-2.480171e-07	-7.855861e-08	-6.383660e-07	-4.414111e-07	 2.626738e-08	-6.110329e-08	-6.154994e-09	 3.246305e-07	-4.313342e-08	-1.802506e-06	 7.476641e-07	-2.250184e-10	-6.274274e-09	-6.907313e-06	 5.296297e-08	 1.840550e-09	 4.009926e-16	 2.159184e-08	
 1.042565e-09	 3.990811e-08	 4.272839e-07	 1.335098e-05	 1.438801e-05	-7.693844e-08	-5.171107e-08	-5.460529e-08	 1.469940e-03	-1.989498e-06	-6.892391e-05	 1.098465e-03	 3.752994e-04	-6.150874e-04	-2.637262e-03	 1.626780e-05	-8.000424e-06	-7.488637e-05	 8.378697e-04	 1.872375e-03	-2.141071e-08	-2.183835e-08	-2.318699e-08	-1.482329e-08	 1.239108e-07	-7.752373e-07	-9.402210e-08	 8.647482e-08	 1.303089e-07	 2.008512e-07	-3.137658e-07	-7.745280e-07	-2.250184e-10	 7.744518e-07	 9.134839e-09	-4.762108e-06	 4.042058e-08	 4.403797e-10	-1.650623e-16	 3.319790e-08	
 3.028903e-08	-4.957060e-07	-6.937594e-07	-1.299297e-06	 1.489737e-04	 1.752650e-05	 6.401382e-07	-2.475707e-06	 1.444433e-03	-1.297550e-06	-2.720291e-05	 7.794084e-03	 1.409894e-03	 7.757871e-04	 2.247944e-03	 3.921181e-05	 1.309275e-05	 4.657643e-08	 7.684663e-06	 1.513784e-03	 1.749720e-06	 1.424512e-06	 5.210909e-06	 2.794082e-06	 2.135449e-06	 1.106576e-05	 1.150475e-06	-3.244620e-07	 5.454529e-07	-1.917985e-06	-7.135598e-07	 9.523929e-06	-6.274274e-09	 9.134839e-09	 1.191544e-05	-2.582603e-04	 2.323150e-06	 1.288372e-08	 3.739699e-14	 5.662107e-06	
 3.727974e-05	-3.199411e-04	 9.170635e-04	 2.264316e-02	 2.380138e-01	 1.855226e-02	 1.925546e-03	 1.002278e-02	-1.297023e-01	 1.124764e-03	 2.210926e-02	-9.231058e-01	-4.929556e-01	-2.602710e-01	-1.927976e-01	-4.223451e-02	 1.460803e-02	-1.981036e-03	-3.271277e-02	-4.057151e-02	 2.722047e-04	 2.981558e-04	-4.284824e-05	 2.857819e-04	-1.058304e-03	 3.250328e-04	-9.345328e-05	-1.006634e-04	-1.003315e-05	-8.174220e-04	-8.788046e-04	-5.371953e-03	-6.907313e-06	-4.762108e-06	-2.582603e-04	 9.716341e-01	 2.711129e-03	 1.581965e-05	 3.978307e-11	 6.970748e-03	
 1.137441e-06	-7.744457e-06	 3.400653e-05	 6.023015e-04	 6.729909e-03	 4.969171e-05	 3.791698e-05	 3.150583e-05	 9.979140e-04	 8.730783e-06	 6.124774e-05	-1.773215e-03	-8.750889e-04	-1.002176e-03	-1.661795e-03	 9.290861e-05	 1.878602e-04	-4.295157e-05	 7.651537e-05	-1.410016e-04	 6.796732e-06	 6.820830e-06	-1.783558e-06	 7.231766e-06	-4.530339e-07	 9.420573e-06	-2.638666e-06	-1.957217e-06	 1.849169e-07	-1.343767e-05	-2.700132e-05	-1.243555e-04	 5.296297e-08	 4.042058e-08	 2.323150e-06	 2.711129e-03	 7.390000e-05	 4.828022e-07	 1.067144e-13	-2.492660e-07	
 2.103393e-08	 1.913352e-09	 5.286491e-07	 1.713372e-05	 5.985110e-05	 4.805826e-07	 3.253765e-07	 2.086484e-07	 3.825450e-06	 7.171973e-08	 2.852438e-07	-3.584512e-05	-2.898983e-05	-2.574371e-05	-2.617617e-05	-1.566542e-06	 1.231189e-06	-3.129257e-06	-4.023786e-06	-6.646458e-06	 5.453611e-08	 5.807508e-08	 5.828904e-08	 6.524986e-08	 2.008595e-07	 2.349412e-07	-4.596100e-08	-4.937275e-08	-5.514010e-08	-1.863990e-07	-4.840577e-07	-2.010115e-06	 1.840550e-09	 4.403797e-10	 1.288372e-08	 1.581965e-05	 4.828022e-07	 8.931861e-09	 1.030619e-15	 1.760837e-07	
 2.429446e-15	 2.689074e-15	 9.571541e-14	 5.187842e-13	 1.326831e-11	 9.285690e-13	 1.230273e-13	 4.101750e-13	-2.637795e-12	 9.330056e-14	 5.290019e-14	-9.095066e-12	-1.924622e-11	-1.259887e-11	 4.019409e-13	-2.458813e-12	-3.359254e-13	-1.640424e-12	-2.909412e-12	 3.656586e-12	 1.813917e-14	 1.791002e-14	 6.154525e-15	 2.296917e-14	-8.020603e-14	 1.274100e-14	 7.848364e-16	-6.454975e-15	-2.678894e-15	-4.227532e-14	-4.760240e-14	-1.971864e-13	 4.009926e-16	-1.650623e-16	 3.739699e-14	 3.978307e-11	 1.067144e-13	 1.030619e-15	 1.991361e-21	 4.207628e-13	
 4.161335e-07	 1.419540e-05	 7.123671e-05	 3.482956e-04	 3.484297e-03	 1.962805e-04	 5.248728e-05	 6.909862e-05	 2.319014e-03	-1.872815e-05	-4.901899e-04	 8.743115e-03	 2.721206e-03	-1.098786e-03	-2.269666e-03	 4.157107e-04	 3.854488e-04	 2.681508e-04	 3.580717e-04	 9.154076e-04	 5.364979e-06	 5.451736e-06	-6.978966e-06	 6.269590e-06	-4.022166e-05	-2.799776e-05	 8.020099e-07	-3.659418e-08	-2.979514e-06	-3.365282e-06	-1.253245e-06	 1.362288e-05	 2.159184e-08	 3.319790e-08	 5.662107e-06	 6.970748e-03	-2.492660e-07	 1.760837e-07	 4.207628e-13	 1.424958e-04	
