#          omega_b,        omega_cdm,   omega_ini_dcdm,       Gamma_dcdm,               H0,     ln10^{10}A_s,              n_s,         tau_reio,        A_cib_217,        xi_sz_cib,             A_sz,     ps_A_100_100,     ps_A_143_143,     ps_A_143_217,     ps_A_217_217,         ksz_norm,     gal545_A_100,     gal545_A_143, gal545_A_143_217,     gal545_A_217,    galf_EE_A_100, galf_EE_A_100_143, galf_EE_A_100_217,    galf_EE_A_143, galf_EE_A_143_217,    galf_EE_A_217,    galf_TE_A_100, galf_TE_A_100_143, galf_TE_A_100_217,    galf_TE_A_143, galf_TE_A_143_217,    galf_TE_A_217,       calib_100T,       calib_217T,         A_planck,           z_reio,     Omega_Lambda,              YHe,              A_s,           sigma8
 1.860558e-08	-3.146237e-08	-3.158661e-08	-1.097178e-04	 4.015305e-05	 3.249585e-07	 1.701467e-07	 1.915391e-07	-7.350540e-05	 1.490160e-06	 1.714826e-05	-3.397331e-04	-1.917091e-04	-5.672158e-05	 8.864626e-06	-3.144450e-05	-1.657149e-06	-9.333405e-06	-1.125908e-05	 7.206902e-06	 3.953659e-08	 4.371757e-08	 1.453169e-07	 4.845072e-08	 3.530390e-07	 2.817156e-07	-6.424577e-08	-5.129000e-08	-9.304971e-08	-1.953936e-07	-4.479961e-07	-1.852348e-06	 2.788509e-09	-1.517103e-09	 6.640695e-09	 1.369253e-05	 4.405039e-07	 7.934461e-09	 6.891936e-16	-8.266298e-08	
-3.146237e-08	 4.446172e-04	-4.438715e-04	 2.651673e-01	-5.737969e-04	-1.345868e-05	-2.532457e-06	-6.488586e-06	 3.573872e-04	-1.173923e-05	-1.712305e-04	 1.959983e-03	 8.437149e-04	-6.350442e-04	-1.293299e-03	 4.749342e-04	 1.416605e-04	-1.503856e-05	 5.655435e-05	-1.248242e-04	-1.372383e-06	-8.160513e-07	-3.168456e-06	-8.249302e-07	 2.134469e-06	 1.478187e-05	 3.336598e-07	 9.169939e-08	 1.220945e-06	-2.758829e-06	 2.354326e-07	 7.924852e-06	 4.699702e-08	 7.246277e-09	-9.866539e-07	-6.218804e-04	-1.440774e-05	-1.347385e-08	-2.863236e-14	 2.488296e-06	
-3.158661e-08	-4.438715e-04	 4.441118e-04	-2.641510e-01	 1.659661e-04	 1.084741e-05	 1.450508e-07	 4.133502e-06	-1.725757e-04	 8.529223e-06	 1.069350e-04	-7.763362e-04	-1.297977e-04	 9.334660e-04	 1.388618e-03	-3.838421e-04	-1.478786e-04	 3.652508e-05	-2.871925e-05	 1.075469e-04	 8.755831e-07	 3.022732e-07	 2.717887e-06	 2.701224e-07	-2.688122e-06	-1.523476e-05	-3.334508e-08	 4.071865e-08	-1.022989e-06	 3.665631e-06	 1.738955e-06	 9.280124e-08	-5.210896e-08	 1.808227e-10	 8.685738e-07	 4.187642e-04	 8.924477e-06	-1.341413e-08	 2.308495e-14	-9.027966e-07	
-1.097178e-04	 2.651673e-01	-2.641510e-01	 7.975514e+02	 2.901842e-01	 1.181280e-02	-4.016377e-03	 4.607601e-03	 1.096100e+00	-1.470584e-02	-4.612426e-01	 7.037064e+00	 2.872161e+00	-4.061245e-01	-1.375818e+00	 4.687227e-01	-7.840036e-03	 1.656709e-02	 1.980886e-01	 7.446264e-02	-1.464227e-03	-1.076413e-03	-9.611143e-03	-1.177809e-03	-6.946477e-05	-1.016614e-03	 1.541616e-03	 2.589279e-03	 1.981716e-03	 2.308811e-03	 6.849593e-03	 3.838894e-02	 3.178086e-05	 4.580365e-05	 6.908957e-05	 4.965971e-01	 9.592453e-03	-4.679532e-05	 2.482788e-11	-8.326790e-04	
 4.015305e-05	-5.737969e-04	 1.659661e-04	 2.901842e-01	 1.998487e-01	 1.529757e-03	 1.038188e-03	 1.141517e-03	-1.193288e-01	 2.327348e-03	 3.671172e-02	-6.924595e-01	-4.066397e-01	-1.534587e-01	-3.130105e-02	-5.797313e-02	 6.505131e-04	-1.515487e-02	-1.853290e-02	 1.156865e-02	 2.099981e-04	 2.192670e-04	 2.085181e-04	 2.388877e-04	 4.114709e-04	 2.387828e-04	-1.654248e-04	-9.017947e-05	-2.056371e-04	-5.028446e-04	-1.138989e-03	-4.618511e-03	 4.188629e-06	-3.751980e-06	 5.943868e-05	 9.736298e-02	 2.659329e-03	 1.712320e-05	 3.247642e-12	-6.056057e-04	
 3.249585e-07	-1.345868e-05	 1.084741e-05	 1.181280e-02	 1.529757e-03	 2.174237e-04	 9.638912e-06	 1.009547e-04	-2.667976e-03	 8.819857e-05	 5.774092e-04	-1.129466e-02	-4.553402e-03	 1.018628e-03	 5.542840e-03	-1.802094e-03	-2.087294e-04	-6.870266e-04	-8.049055e-04	 1.408353e-03	 2.730820e-06	 2.399515e-06	 1.551609e-06	 3.324759e-06	-8.223039e-06	-4.970411e-06	-5.615561e-07	-1.760067e-06	 1.403121e-06	-5.294284e-06	-1.053526e-05	-3.013460e-05	 4.971209e-08	-1.391514e-07	 1.009541e-05	 9.917835e-03	 2.188796e-05	 1.385906e-07	 4.608801e-13	 7.859783e-05	
 1.701467e-07	-2.532457e-06	 1.450508e-07	-4.016377e-03	 1.038188e-03	 9.638912e-06	 1.481118e-05	 7.988127e-06	-4.218320e-03	 9.375388e-05	 9.157899e-04	-2.282016e-02	-6.300285e-03	 1.532828e-03	 4.709595e-03	-2.179253e-03	 2.787304e-04	-3.701793e-04	-3.573491e-04	 1.159707e-03	 3.111771e-06	 3.290211e-06	 2.264829e-06	 3.515222e-06	 2.147205e-06	-1.463194e-07	-9.990793e-07	 5.964444e-08	 4.416559e-07	-1.838743e-06	-2.995915e-06	-1.474835e-05	-7.577284e-08	-6.898188e-08	 4.117750e-07	 7.156379e-04	 1.368143e-05	 7.255841e-08	 2.047170e-14	 3.079021e-07	
 1.915391e-07	-6.488586e-06	 4.133502e-06	 4.607601e-03	 1.141517e-03	 1.009547e-04	 7.988127e-06	 5.458309e-05	-1.415055e-03	 2.499664e-05	 3.631902e-04	-8.631383e-03	-3.790252e-03	-1.164800e-03	-1.773727e-04	-6.196518e-04	 3.923053e-05	-9.192564e-05	-2.039022e-04	-4.225222e-05	 1.372800e-06	 1.385045e-06	 6.038179e-07	 1.235923e-06	-1.929722e-06	-2.332481e-06	-6.105961e-07	-7.357590e-07	 9.917949e-07	-3.317184e-06	-6.840067e-06	-2.922750e-05	-3.774658e-08	-6.692213e-08	-9.113374e-07	 5.342951e-03	 1.615976e-05	 8.169200e-08	 2.140641e-13	 3.380435e-05	
-7.350540e-05	 3.573872e-04	-1.725757e-04	 1.096100e+00	-1.193288e-01	-2.667976e-03	-4.218320e-03	-1.415055e-03	 4.424814e+01	-3.873089e-01	-7.911878e-01	 3.501214e+01	 1.492856e+00	-1.305135e+01	-5.463827e+01	-2.514696e-01	 1.793555e-01	 5.273012e-01	-5.886697e+00	-3.328696e+01	-5.674078e-04	-5.694247e-04	 1.470271e-03	-5.574937e-04	 2.760476e-03	 3.243202e-03	 4.155075e-04	 3.262326e-04	 9.379712e-04	-5.337586e-04	-3.143085e-03	 1.633561e-04	-1.998677e-04	 7.026254e-04	 6.455087e-04	-1.209894e-01	-1.187220e-03	-3.134540e-05	-5.653506e-12	-1.550058e-03	
 1.490160e-06	-1.173923e-05	 8.529223e-06	-1.470584e-02	 2.327348e-03	 8.819857e-05	 9.375388e-05	 2.499664e-05	-3.873089e-01	 8.126996e-02	-4.355586e-02	-5.323356e-01	 9.218916e-01	 1.681369e+00	 6.292775e-01	 4.439005e-02	-6.269236e-03	 1.026357e-02	 1.104137e-01	 1.449843e-01	 1.451177e-05	 1.724387e-05	-4.411872e-05	 1.254730e-05	-8.638491e-05	 9.278087e-05	-2.341283e-05	-1.882598e-05	 1.232471e-05	-4.637458e-05	 6.180313e-05	 3.011451e-04	 4.452354e-06	-2.005759e-06	 1.330482e-06	 2.102259e-03	 2.335655e-05	 6.353892e-07	 1.868436e-13	 4.846169e-05	
 1.714826e-05	-1.712305e-04	 1.069350e-04	-4.612426e-01	 3.671172e-02	 5.774092e-04	 9.157899e-04	 3.631902e-04	-7.911878e-01	-4.355586e-02	 3.863515e+00	-3.029810e+01	-3.191636e+00	 7.726860e+00	 5.288741e+00	-2.721212e+00	-2.122411e-01	 1.534865e-01	 2.672908e+00	 3.310606e+00	 2.067435e-04	 1.946264e-04	 1.421963e-04	 1.759463e-04	 6.730656e-04	 8.148327e-04	-2.647119e-05	-1.853422e-04	 7.056987e-05	-1.348826e-04	-7.454625e-04	-3.645359e-03	 1.112204e-04	-3.644858e-05	 6.259212e-06	 3.110659e-02	 4.123920e-04	 7.312488e-06	 1.224080e-12	 2.453886e-04	
-3.397331e-04	 1.959983e-03	-7.763362e-04	 7.037064e+00	-6.924595e-01	-1.129466e-02	-2.282016e-02	-8.631383e-03	 3.501214e+01	-5.323356e-01	-3.029810e+01	 7.802924e+02	 6.823711e+01	-5.470652e+01	-5.923315e+01	 1.355579e+01	-6.361106e+00	 5.480285e+00	-1.258911e+01	-2.445014e+01	-3.791234e-03	-3.971362e-03	 1.525117e-03	-3.621098e-03	 1.001554e-02	 1.086047e-02	 3.481369e-03	-3.262447e-04	 2.519842e-03	 5.829746e-03	 3.077123e-03	 3.139733e-02	 3.725408e-03	 4.599195e-04	 3.665778e-03	-7.614768e-01	-7.684268e-03	-1.448748e-04	-2.396480e-11	-6.503326e-03	
-1.917091e-04	 8.437149e-04	-1.297977e-04	 2.872161e+00	-4.066397e-01	-4.553402e-03	-6.300285e-03	-3.790252e-03	 1.492856e+00	 9.218916e-01	-3.191636e+00	 6.823711e+01	 6.077119e+01	 4.012539e+01	 1.538254e+01	-5.041396e+00	-4.453787e-01	-1.286080e+00	 3.403520e+00	 4.224064e+00	-1.253923e-03	-1.305440e-03	-1.859126e-03	-1.487958e-03	-3.022472e-03	-1.597894e-03	 4.738005e-04	-1.015268e-04	 1.032453e-03	 2.452149e-04	 4.242162e-03	 2.837357e-02	 8.693686e-05	 8.440314e-05	 6.385935e-04	-3.203063e-01	-4.572438e-03	-8.175607e-05	-9.675331e-12	-7.759843e-04	
-5.672158e-05	-6.350442e-04	 9.334660e-04	-4.061245e-01	-1.534587e-01	 1.018628e-03	 1.532828e-03	-1.164800e-03	-1.305135e+01	 1.681369e+00	 7.726860e+00	-5.470652e+01	 4.012539e+01	 8.526401e+01	 5.311592e+01	-1.192558e+01	-8.751139e-01	-6.412044e-01	 5.100078e+00	 8.446223e+00	 1.893260e-04	 1.564602e-04	-2.214502e-03	 2.372266e-05	-4.005898e-03	-3.998192e-04	-1.639254e-04	-1.209676e-03	 2.566560e-03	 3.518909e-04	 4.318483e-03	 1.064008e-02	 4.419970e-04	-3.842723e-04	 4.953006e-04	-9.714753e-02	-1.821651e-03	-2.419126e-05	 2.138298e-12	 2.036634e-03	
 8.864626e-06	-1.293299e-03	 1.388618e-03	-1.375818e+00	-3.130105e-02	 5.542840e-03	 4.709595e-03	-1.773727e-04	-5.463827e+01	 6.292775e-01	 5.288741e+00	-5.923315e+01	 1.538254e+01	 5.311592e+01	 1.031552e+02	-9.174305e+00	-6.720244e-01	-1.180731e+00	 5.623786e+00	 3.350556e+01	 7.395508e-04	 6.297379e-04	-2.858041e-03	 8.139859e-04	-6.407719e-03	-6.618984e-03	-1.317385e-04	-1.030912e-03	 4.235092e-04	 1.506048e-03	 7.360383e-03	 7.705588e-03	 4.604824e-04	-1.329388e-03	 1.338846e-03	-1.746757e-02	-5.054280e-04	 3.777537e-06	 1.171787e-11	 3.955796e-03	
-3.144450e-05	 4.749342e-04	-3.838421e-04	 4.687227e-01	-5.797313e-02	-1.802094e-03	-2.179253e-03	-6.196518e-04	-2.514696e-01	 4.439005e-02	-2.721212e+00	 1.355579e+01	-5.041396e+00	-1.192558e+01	-9.174305e+00	 5.860066e+00	 1.289036e-01	-2.047952e-01	-2.109730e+00	-2.313251e+00	-3.788192e-04	-3.732535e-04	-2.792003e-04	-3.554301e-04	 6.320331e-04	 2.370817e-03	 2.171755e-04	 2.102594e-04	-2.529670e-04	 9.875072e-05	 2.501647e-04	 3.962042e-04	-7.665230e-05	 6.020767e-06	-1.924012e-05	-5.300543e-02	-6.325403e-04	-1.341048e-05	-3.816254e-12	-9.759066e-04	
-1.657149e-06	 1.416605e-04	-1.478786e-04	-7.840036e-03	 6.505131e-04	-2.087294e-04	 2.787304e-04	 3.923053e-05	 1.793555e-01	-6.269236e-03	-2.122411e-01	-6.361106e+00	-4.453787e-01	-8.751139e-01	-6.720244e-01	 1.289036e-01	 3.343408e+00	 5.552025e-01	 1.542548e-01	 9.882893e-02	 4.134602e-05	 9.454952e-05	-4.763369e-06	 1.243625e-04	 6.796765e-04	 6.784184e-04	-2.071517e-04	 3.262115e-04	 5.924969e-04	-3.924395e-04	-2.039496e-04	-4.816506e-04	 1.720878e-04	-4.781002e-06	 1.568318e-05	 4.220561e-03	 1.337913e-05	-7.074574e-07	-4.409201e-13	-4.468992e-06	
-9.333405e-06	-1.503856e-05	 3.652508e-05	 1.656709e-02	-1.515487e-02	-6.870266e-04	-3.701793e-04	-9.192564e-05	 5.273012e-01	 1.026357e-02	 1.534865e-01	 5.480285e+00	-1.286080e+00	-6.412044e-01	-1.180731e+00	-2.047952e-01	 5.552025e-01	 3.151524e+00	 2.689136e+00	 2.704009e+00	-7.514551e-06	-4.153716e-05	 7.987186e-04	-7.390188e-05	 1.244748e-03	 1.437687e-03	 6.261085e-05	-2.348964e-04	-2.499775e-04	 1.606640e-04	 8.411193e-05	-2.119017e-04	-1.798533e-04	-4.117854e-05	 1.639115e-06	-6.732835e-03	-1.573118e-04	-3.979903e-06	-1.452979e-12	-2.849521e-04	
-1.125908e-05	 5.655435e-05	-2.871925e-05	 1.980886e-01	-1.853290e-02	-8.049055e-04	-3.573491e-04	-2.039022e-04	-5.886697e+00	 1.104137e-01	 2.672908e+00	-1.258911e+01	 3.403520e+00	 5.100078e+00	 5.623786e+00	-2.109730e+00	 1.542548e-01	 2.689136e+00	 1.081595e+01	 1.934701e+01	 6.282657e-07	-8.038436e-05	 3.509574e-04	-1.726345e-04	 1.255183e-03	 1.435272e-03	-6.002598e-05	-2.195471e-04	-1.263689e-03	-1.142034e-04	-2.723469e-04	 7.341896e-03	-1.694937e-05	 4.027554e-04	 1.886647e-05	-1.714551e-02	-1.978374e-04	-4.803047e-06	-1.707335e-12	-2.989697e-04	
 7.206902e-06	-1.248242e-04	 1.075469e-04	 7.446264e-02	 1.156865e-02	 1.408353e-03	 1.159707e-03	-4.225222e-05	-3.328696e+01	 1.449843e-01	 3.310606e+00	-2.445014e+01	 4.224064e+00	 8.446223e+00	 3.350556e+01	-2.313251e+00	 9.882893e-02	 2.704009e+00	 1.934701e+01	 5.369757e+01	 3.535678e-04	 1.984879e-04	 7.587513e-05	 1.897604e-04	 3.813839e-04	 8.465246e-04	-4.655578e-04	-2.032554e-04	-1.381894e-03	 8.702599e-04	 4.877241e-04	 1.510644e-02	 7.314824e-05	 9.244645e-04	 8.208685e-04	-5.813592e-03	 1.129036e-04	 3.069992e-06	 2.971757e-12	 8.475809e-04	
 3.953659e-08	-1.372383e-06	 8.755831e-07	-1.464227e-03	 2.099981e-04	 2.730820e-06	 3.111771e-06	 1.372800e-06	-5.674078e-04	 1.451177e-05	 2.067435e-04	-3.791234e-03	-1.253923e-03	 1.893260e-04	 7.395508e-04	-3.788192e-04	 4.134602e-05	-7.514551e-06	 6.282657e-07	 3.535678e-04	 5.034110e-05	 1.347517e-05	 2.997200e-06	 5.021286e-06	 3.242542e-06	 2.894840e-07	-2.805705e-06	-1.106569e-06	-1.013886e-06	 2.212438e-07	 3.906700e-07	-1.216842e-06	-3.744433e-08	-1.298649e-08	 8.978864e-07	 1.191810e-04	 2.796725e-06	 1.685617e-08	 5.790405e-15	 3.112197e-07	
 4.371757e-08	-8.160513e-07	 3.022732e-07	-1.076413e-03	 2.192670e-04	 2.399515e-06	 3.290211e-06	 1.385045e-06	-5.694247e-04	 1.724387e-05	 1.946264e-04	-3.971362e-03	-1.305440e-03	 1.564602e-04	 6.297379e-04	-3.732535e-04	 9.454952e-05	-4.153716e-05	-8.038436e-05	 1.984879e-04	 1.347517e-05	 3.265342e-05	 4.873015e-07	 1.615764e-05	 3.084632e-06	 5.116365e-07	-1.234577e-06	-1.509147e-06	-5.255315e-07	-3.028973e-06	-7.715633e-07	-1.091575e-06	-3.567479e-08	-1.965742e-08	 7.679508e-07	 1.188275e-04	 2.914436e-06	 1.864251e-08	 5.092763e-15	 1.490943e-07	
 1.453169e-07	-3.168456e-06	 2.717887e-06	-9.611143e-03	 2.085181e-04	 1.551609e-06	 2.264829e-06	 6.038179e-07	 1.470271e-03	-4.411872e-05	 1.421963e-04	 1.525117e-03	-1.859126e-03	-2.214502e-03	-2.858041e-03	-2.792003e-04	-4.763369e-06	 7.987186e-04	 3.509574e-04	 7.587513e-05	 2.997200e-06	 4.873015e-07	 6.479375e-03	 1.556784e-06	 1.519670e-04	 3.471791e-04	 3.048613e-06	-2.459916e-06	-8.470278e-07	 5.857499e-07	-3.302686e-06	-2.667783e-05	-1.117813e-07	 4.582381e-08	 1.537288e-06	 1.960514e-05	 2.399450e-06	 6.197217e-08	 3.277965e-15	-8.652709e-07	
 4.845072e-08	-8.249302e-07	 2.701224e-07	-1.177809e-03	 2.388877e-04	 3.324759e-06	 3.515222e-06	 1.235923e-06	-5.574937e-04	 1.254730e-05	 1.759463e-04	-3.621098e-03	-1.487958e-03	 2.372266e-05	 8.139859e-04	-3.554301e-04	 1.243625e-04	-7.390188e-05	-1.726345e-04	 1.897604e-04	 5.021286e-06	 1.615764e-05	 1.556784e-06	 5.704538e-05	 6.710420e-06	 5.596519e-07	 7.446028e-07	-1.835849e-06	 1.104112e-06	-5.010332e-06	-1.975746e-06	-1.862651e-06	-5.000930e-08	-2.536318e-08	 1.447851e-06	 1.024830e-04	 3.182488e-06	 2.065825e-08	 7.045298e-15	 4.264968e-07	
 3.530390e-07	 2.134469e-06	-2.688122e-06	-6.946477e-05	 4.114709e-04	-8.223039e-06	 2.147205e-06	-1.929722e-06	 2.760476e-03	-8.638491e-05	 6.730656e-04	 1.001554e-02	-3.022472e-03	-4.005898e-03	-6.407719e-03	 6.320331e-04	 6.796765e-04	 1.244748e-03	 1.255183e-03	 3.813839e-04	 3.242542e-06	 3.084632e-06	 1.519670e-04	 6.710420e-06	 8.629544e-03	 7.695449e-04	-5.155761e-06	 1.916860e-07	-1.323935e-05	 3.831550e-06	-8.694996e-06	-1.667314e-04	-1.087191e-07	-5.310381e-08	 8.319716e-07	-2.784910e-04	 4.285577e-06	 1.505450e-07	-1.747837e-14	-6.430365e-06	
 2.817156e-07	 1.478187e-05	-1.523476e-05	-1.016614e-03	 2.387828e-04	-4.970411e-06	-1.463194e-07	-2.332481e-06	 3.243202e-03	 9.278087e-05	 8.148327e-04	 1.086047e-02	-1.597894e-03	-3.998192e-04	-6.618984e-03	 2.370817e-03	 6.784184e-04	 1.437687e-03	 1.435272e-03	 8.465246e-04	 2.894840e-07	 5.116365e-07	 3.471791e-04	 5.596519e-07	 7.695449e-04	 3.285688e-02	-1.101216e-05	 2.104957e-05	-2.406274e-05	 2.808730e-05	-5.933798e-05	-1.100866e-04	-2.206300e-07	-5.963674e-08	 3.231362e-06	-3.037302e-04	 2.721387e-06	 1.201299e-07	-1.051361e-14	-5.373102e-06	
-6.424577e-08	 3.336598e-07	-3.334508e-08	 1.541616e-03	-1.654248e-04	-5.615561e-07	-9.990793e-07	-6.105961e-07	 4.155075e-04	-2.341283e-05	-2.647119e-05	 3.481369e-03	 4.738005e-04	-1.639254e-04	-1.317385e-04	 2.171755e-04	-2.071517e-04	 6.261085e-05	-6.002598e-05	-4.655578e-04	-2.805705e-06	-1.234577e-06	 3.048613e-06	 7.446028e-07	-5.155761e-06	-1.101216e-05	 1.442828e-03	 2.751318e-04	 9.579309e-05	-3.683527e-04	-1.000411e-04	-9.944528e-05	 4.314330e-08	-3.310338e-08	 1.051349e-07	-4.120692e-05	-1.927574e-06	-2.740291e-08	-1.227005e-15	 6.481136e-07	
-5.129000e-08	 9.169939e-08	 4.071865e-08	 2.589279e-03	-9.017947e-05	-1.760067e-06	 5.964444e-08	-7.357590e-07	 3.262326e-04	-1.882598e-05	-1.853422e-04	-3.262447e-04	-1.015268e-04	-1.209676e-03	-1.030912e-03	 2.102594e-04	 3.262115e-04	-2.348964e-04	-2.195471e-04	-2.032554e-04	-1.106569e-06	-1.509147e-06	-2.459916e-06	-1.835849e-06	 1.916860e-07	 2.104957e-05	 2.751318e-04	 8.688285e-04	 2.772144e-05	 7.306103e-04	 4.579230e-05	-6.886756e-04	-5.567619e-08	 1.848018e-08	-1.554045e-07	-5.872429e-05	-1.000396e-06	-2.188184e-08	-3.736296e-15	-3.546076e-08	
-9.304971e-08	 1.220945e-06	-1.022989e-06	 1.981716e-03	-2.056371e-04	 1.403121e-06	 4.416559e-07	 9.917949e-07	 9.379712e-04	 1.232471e-05	 7.056987e-05	 2.519842e-03	 1.032453e-03	 2.566560e-03	 4.235092e-04	-2.529670e-04	 5.924969e-04	-2.499775e-04	-1.263689e-03	-1.381894e-03	-1.013886e-06	-5.255315e-07	-8.470278e-07	 1.104112e-06	-1.323935e-05	-2.406274e-05	 9.579309e-05	 2.772144e-05	 7.180001e-03	-3.187287e-04	 6.569431e-04	 4.505974e-03	 2.791855e-08	 4.792477e-08	-1.704088e-08	 1.189527e-04	-2.401998e-06	-3.974735e-08	 2.998682e-15	 1.906432e-06	
-1.953936e-07	-2.758829e-06	 3.665631e-06	 2.308811e-03	-5.028446e-04	-5.294284e-06	-1.838743e-06	-3.317184e-06	-5.337586e-04	-4.637458e-05	-1.348826e-04	 5.829746e-03	 2.452149e-04	 3.518909e-04	 1.506048e-03	 9.875072e-05	-3.924395e-04	 1.606640e-04	-1.142034e-04	 8.702599e-04	 2.212438e-07	-3.028973e-06	 5.857499e-07	-5.010332e-06	 3.831550e-06	 2.808730e-05	-3.683527e-04	 7.306103e-04	-3.187287e-04	 2.938158e-03	 5.200296e-04	-9.553412e-04	 5.305627e-08	 9.428191e-08	-1.523045e-07	-2.708487e-04	-5.792133e-06	-8.332060e-08	-1.121058e-14	 8.396611e-07	
-4.479961e-07	 2.354326e-07	 1.738955e-06	 6.849593e-03	-1.138989e-03	-1.053526e-05	-2.995915e-06	-6.840067e-06	-3.143085e-03	 6.180313e-05	-7.454625e-04	 3.077123e-03	 4.242162e-03	 4.318483e-03	 7.360383e-03	 2.501647e-04	-2.039496e-04	 8.411193e-05	-2.723469e-04	 4.877241e-04	 3.906700e-07	-7.715633e-07	-3.302686e-06	-1.975746e-06	-8.694996e-06	-5.933798e-05	-1.000411e-04	 4.579230e-05	 6.569431e-04	 5.200296e-04	 6.436280e-03	 7.840156e-03	-7.797239e-08	-1.634863e-07	-4.026149e-08	-5.392488e-04	-1.284540e-05	-1.910202e-07	-2.241246e-14	 2.434178e-06	
-1.852348e-06	 7.924852e-06	 9.280124e-08	 3.838894e-02	-4.618511e-03	-3.013460e-05	-1.474835e-05	-2.922750e-05	 1.633561e-04	 3.011451e-04	-3.645359e-03	 3.139733e-02	 2.837357e-02	 1.064008e-02	 7.705588e-03	 3.962042e-04	-4.816506e-04	-2.119017e-04	 7.341896e-03	 1.510644e-02	-1.216842e-06	-1.091575e-06	-2.667783e-05	-1.862651e-06	-1.667314e-04	-1.100866e-04	-9.944528e-05	-6.886756e-04	 4.505974e-03	-9.553412e-04	 7.840156e-03	 6.987169e-02	-4.961623e-07	-2.101132e-07	 8.044489e-06	-2.348047e-03	-5.215495e-05	-7.899235e-07	-6.390381e-14	 1.459133e-05	
 2.788509e-09	 4.699702e-08	-5.210896e-08	 3.178086e-05	 4.188629e-06	 4.971209e-08	-7.577284e-08	-3.774658e-08	-1.998677e-04	 4.452354e-06	 1.112204e-04	 3.725408e-03	 8.693686e-05	 4.419970e-04	 4.604824e-04	-7.665230e-05	 1.720878e-04	-1.798533e-04	-1.694937e-05	 7.314824e-05	-3.744433e-08	-3.567479e-08	-1.117813e-07	-5.000930e-08	-1.087191e-07	-2.206300e-07	 4.314330e-08	-5.567619e-08	 2.791855e-08	 5.305627e-08	-7.797239e-08	-4.961623e-07	 3.761142e-07	-4.775455e-10	-4.753556e-09	-4.499530e-06	 4.054475e-08	 1.189226e-09	 1.046540e-16	-2.975630e-08	
-1.517103e-09	 7.246277e-09	 1.808227e-10	 4.580365e-05	-3.751980e-06	-1.391514e-07	-6.898188e-08	-6.692213e-08	 7.026254e-04	-2.005759e-06	-3.644858e-05	 4.599195e-04	 8.440314e-05	-3.842723e-04	-1.329388e-03	 6.020767e-06	-4.781002e-06	-4.117854e-05	 4.027554e-04	 9.244645e-04	-1.298649e-08	-1.965742e-08	 4.582381e-08	-2.536318e-08	-5.310381e-08	-5.963674e-08	-3.310338e-08	 1.848018e-08	 4.792477e-08	 9.428191e-08	-1.634863e-07	-2.101132e-07	-4.775455e-10	 3.856993e-07	-5.014845e-09	-6.173204e-06	-4.168392e-08	-6.474661e-10	-2.952141e-16	-5.082894e-08	
 6.640695e-09	-9.866539e-07	 8.685738e-07	 6.908957e-05	 5.943868e-05	 1.009541e-05	 4.117750e-07	-9.113374e-07	 6.455087e-04	 1.330482e-06	 6.259212e-06	 3.665778e-03	 6.385935e-04	 4.953006e-04	 1.338846e-03	-1.924012e-05	 1.568318e-05	 1.639115e-06	 1.886647e-05	 8.208685e-04	 8.978864e-07	 7.679508e-07	 1.537288e-06	 1.447851e-06	 8.319716e-07	 3.231362e-06	 1.051349e-07	-1.554045e-07	-1.704088e-08	-1.523045e-07	-4.026149e-08	 8.044489e-06	-4.753556e-09	-5.014845e-09	 6.109196e-06	-9.422563e-05	 9.260357e-07	 2.829021e-09	 2.135468e-14	 3.678874e-06	
 1.369253e-05	-6.218804e-04	 4.187642e-04	 4.965971e-01	 9.736298e-02	 9.917835e-03	 7.156379e-04	 5.342951e-03	-1.209894e-01	 2.102259e-03	 3.110659e-02	-7.614768e-01	-3.203063e-01	-9.714753e-02	-1.746757e-02	-5.300543e-02	 4.220561e-03	-6.732835e-03	-1.714551e-02	-5.813592e-03	 1.191810e-04	 1.188275e-04	 1.960514e-05	 1.024830e-04	-2.784910e-04	-3.037302e-04	-4.120692e-05	-5.872429e-05	 1.189527e-04	-2.708487e-04	-5.392488e-04	-2.348047e-03	-4.499530e-06	-6.173204e-06	-9.422563e-05	 5.251386e-01	 1.411776e-03	 5.840429e-06	 2.102360e-11	 3.407698e-03	
 4.405039e-07	-1.440774e-05	 8.924477e-06	 9.592453e-03	 2.659329e-03	 2.188796e-05	 1.368143e-05	 1.615976e-05	-1.187220e-03	 2.335655e-05	 4.123920e-04	-7.684268e-03	-4.572438e-03	-1.821651e-03	-5.054280e-04	-6.325403e-04	 1.337913e-05	-1.573118e-04	-1.978374e-04	 1.129036e-04	 2.796725e-06	 2.914436e-06	 2.399450e-06	 3.182488e-06	 4.285577e-06	 2.721387e-06	-1.927574e-06	-1.000396e-06	-2.401998e-06	-5.792133e-06	-1.284540e-05	-5.215495e-05	 4.054475e-08	-4.168392e-08	 9.260357e-07	 1.411776e-03	 3.761462e-05	 1.878539e-07	 4.647050e-14	-8.992443e-06	
 7.934461e-09	-1.347385e-08	-1.341413e-08	-4.679532e-05	 1.712320e-05	 1.385906e-07	 7.255841e-08	 8.169200e-08	-3.134540e-05	 6.353892e-07	 7.312488e-06	-1.448748e-04	-8.175607e-05	-2.419126e-05	 3.777537e-06	-1.341048e-05	-7.074574e-07	-3.979903e-06	-4.803047e-06	 3.069992e-06	 1.685617e-08	 1.864251e-08	 6.197217e-08	 2.065825e-08	 1.505450e-07	 1.201299e-07	-2.740291e-08	-2.188184e-08	-3.974735e-08	-8.332060e-08	-1.910202e-07	-7.899235e-07	 1.189226e-09	-6.474661e-10	 2.829021e-09	 5.840429e-06	 1.878539e-07	 3.383733e-09	 2.939300e-16	-3.524200e-08	
 6.891936e-16	-2.863236e-14	 2.308495e-14	 2.482788e-11	 3.247642e-12	 4.608801e-13	 2.047170e-14	 2.140641e-13	-5.653506e-12	 1.868436e-13	 1.224080e-12	-2.396480e-11	-9.675331e-12	 2.138298e-12	 1.171787e-11	-3.816254e-12	-4.409201e-13	-1.452979e-12	-1.707335e-12	 2.971757e-12	 5.790405e-15	 5.092763e-15	 3.277965e-15	 7.045298e-15	-1.747837e-14	-1.051361e-14	-1.227005e-15	-3.736296e-15	 2.998682e-15	-1.121058e-14	-2.241246e-14	-6.390381e-14	 1.046540e-16	-2.952141e-16	 2.135468e-14	 2.102360e-11	 4.647050e-14	 2.939300e-16	 9.770447e-22	 1.665796e-13	
-8.266298e-08	 2.488296e-06	-9.027966e-07	-8.326790e-04	-6.056057e-04	 7.859783e-05	 3.079021e-07	 3.380435e-05	-1.550058e-03	 4.846169e-05	 2.453886e-04	-6.503326e-03	-7.759843e-04	 2.036634e-03	 3.955796e-03	-9.759066e-04	-4.468992e-06	-2.849521e-04	-2.989697e-04	 8.475809e-04	 3.112197e-07	 1.490943e-07	-8.652709e-07	 4.264968e-07	-6.430365e-06	-5.373102e-06	 6.481136e-07	-3.546076e-08	 1.906432e-06	 8.396611e-07	 2.434178e-06	 1.459133e-05	-2.975630e-08	-5.082894e-08	 3.678874e-06	 3.407698e-03	-8.992443e-06	-3.524200e-08	 1.665796e-13	 3.795013e-05	
