#          omega_b,        omega_cdm,   omega_ini_dcdm,       Gamma_dcdm,               H0,     ln10^{10}A_s,              n_s,         tau_reio,        A_cib_217,        xi_sz_cib,             A_sz,     ps_A_100_100,     ps_A_143_143,     ps_A_143_217,     ps_A_217_217,         ksz_norm,     gal545_A_100,     gal545_A_143, gal545_A_143_217,     gal545_A_217,    galf_EE_A_100, galf_EE_A_100_143, galf_EE_A_100_217,    galf_EE_A_143, galf_EE_A_143_217,    galf_EE_A_217,    galf_TE_A_100, galf_TE_A_100_143, galf_TE_A_100_217,    galf_TE_A_143, galf_TE_A_143_217,    galf_TE_A_217,       calib_100T,       calib_217T,         A_planck,           z_reio,     Omega_Lambda,              YHe,              A_s,           sigma8
 1.978377e-08	-8.136506e-09	-8.833256e-08	-5.029819e-05	 5.242387e-05	 4.257128e-07	 2.268163e-07	 2.689671e-07	-6.510906e-05	 1.401974e-06	 1.766030e-05	-3.238852e-04	-1.947138e-04	-5.985642e-05	-1.028387e-06	-3.016040e-05	-1.284668e-06	-7.887258e-06	-1.174781e-05	 3.386883e-06	 5.116343e-08	 5.168910e-08	 1.277500e-07	 5.581793e-08	 3.604545e-07	 4.314008e-07	-5.508506e-08	-5.265483e-08	-7.910468e-08	-2.229825e-07	-5.038818e-07	-2.111159e-06	 2.659208e-09	-1.370208e-09	 1.838311e-08	 2.107580e-05	 6.133396e-07	 8.454233e-09	 9.003162e-16	-1.183559e-07	
-8.136506e-09	 4.320628e-04	-4.319649e-04	 2.410028e-01	-3.381703e-04	 2.964697e-06	-2.255345e-07	 1.707478e-06	 8.191406e-05	 2.796970e-06	 8.038378e-05	-1.756389e-04	-3.245072e-04	 2.922906e-04	 7.085506e-05	-1.326668e-04	-1.806134e-05	 1.597454e-05	 8.249406e-06	-1.803090e-04	 5.259472e-07	 2.826952e-07	 2.699202e-06	 2.413219e-07	-3.754547e-06	-1.010095e-06	-8.597367e-07	-1.294769e-06	-9.284382e-07	-3.551208e-06	 1.006193e-06	 5.593770e-06	-6.858849e-09	-1.056203e-08	-6.335503e-08	 1.802353e-04	-1.010639e-05	-3.520680e-09	 6.299584e-15	 6.611856e-06	
-8.833256e-08	-4.319649e-04	 4.334139e-04	-2.406111e-01	-3.002737e-04	-7.508037e-06	-3.318548e-06	-5.622453e-06	 1.057320e-04	-6.630398e-06	-1.540761e-04	 1.534956e-03	 1.304455e-03	 1.875131e-04	 1.797866e-04	 2.308671e-04	 5.827143e-06	-9.555692e-06	 1.589552e-05	 1.744868e-04	-1.271664e-06	-1.046543e-06	-2.936080e-06	-1.032851e-06	 3.113886e-06	 5.993428e-07	 1.287063e-06	 1.433757e-06	 1.508573e-06	 4.921108e-06	 1.792089e-06	 7.068428e-06	-1.128411e-09	 1.832080e-08	-1.071093e-07	-5.281065e-04	 1.406075e-06	-3.770762e-08	-1.592193e-14	-4.388963e-06	
-5.029819e-05	 2.410028e-01	-2.406111e-01	 4.747669e+02	 2.685034e-01	 6.883331e-03	 2.003233e-04	 2.527544e-03	-5.390954e-01	 1.192714e-02	 1.127784e-01	-2.038407e+00	-8.591119e-02	 8.917291e-01	 1.204080e+00	-1.671000e-01	-9.349462e-02	-1.306468e-01	 2.083157e-02	 4.821526e-01	 1.313791e-04	 1.186191e-04	-8.933899e-06	 9.058797e-05	 5.387506e-03	-1.036233e-02	-9.714331e-04	-1.920491e-03	 1.497179e-03	-1.845314e-03	 2.199069e-03	 4.976237e-03	-1.116613e-05	 8.058089e-06	 6.366629e-04	 2.685718e-01	 7.302297e-03	-2.158469e-05	 1.462572e-11	-7.213120e-04	
 5.242387e-05	-3.381703e-04	-3.002737e-04	 2.685034e-01	 2.942387e-01	 2.260503e-03	 1.499144e-03	 1.751123e-03	-1.074369e-01	 2.329232e-03	 3.899366e-02	-7.078692e-01	-4.953549e-01	-2.238375e-01	-1.038317e-01	-5.532837e-02	 3.216029e-03	-8.406321e-03	-1.808722e-02	 1.342178e-03	 3.082808e-04	 3.157663e-04	 1.817098e-04	 3.295092e-04	 3.561935e-04	 3.002900e-04	-2.009345e-04	-9.278525e-05	-2.568631e-04	-6.837846e-04	-1.449583e-03	-6.425729e-03	 5.199352e-06	-3.577379e-06	 8.342912e-05	 1.543333e-01	 4.020897e-03	 2.240235e-05	 4.785272e-12	-9.147102e-04	
 4.257128e-07	 2.964697e-06	-7.508037e-06	 6.883331e-03	 2.260503e-03	 1.895719e-04	 1.320050e-05	 9.116584e-05	-2.465058e-03	 7.308043e-05	 6.336163e-04	-1.128005e-02	-5.469348e-03	 9.360343e-05	 4.048845e-03	-1.648897e-03	-1.031043e-04	-6.087672e-04	-7.421004e-04	 1.160766e-03	 3.729717e-06	 3.483314e-06	 7.036114e-07	 4.512103e-06	 1.642557e-06	 7.587770e-06	-4.003140e-07	-1.562727e-07	-2.752607e-06	-6.050536e-06	-1.260320e-05	-5.139033e-05	 6.659789e-08	-8.604349e-08	 8.362725e-06	 9.021899e-03	 3.242813e-05	 1.818967e-07	 4.009465e-13	 6.235202e-05	
 2.268163e-07	-2.255345e-07	-3.318548e-06	 2.003233e-04	 1.499144e-03	 1.320050e-05	 1.667755e-05	 1.122007e-05	-3.978110e-03	 8.763838e-05	 9.009987e-04	-2.188591e-02	-6.425923e-03	 1.132854e-03	 4.116440e-03	-2.098703e-03	 3.057796e-04	-3.116223e-04	-3.036159e-04	 1.063606e-03	 3.538016e-06	 3.648939e-06	 1.582763e-06	 3.897378e-06	 2.213032e-06	 2.804565e-06	-1.026326e-06	 2.001285e-07	-4.844132e-07	-3.296767e-06	-4.998039e-06	-2.631872e-05	-6.262909e-08	-7.046164e-08	 3.019085e-07	 1.022089e-03	 2.022253e-05	 9.691646e-08	 2.798301e-14	-1.261008e-06	
 2.689671e-07	 1.707478e-06	-5.622453e-06	 2.527544e-03	 1.751123e-03	 9.116584e-05	 1.122007e-05	 5.228809e-05	-1.355522e-03	 2.223061e-05	 3.950514e-04	-8.850628e-03	-4.493059e-03	-1.723966e-03	-9.943117e-04	-5.933950e-04	 1.132198e-04	-3.630835e-05	-1.599774e-04	-1.344132e-04	 2.235505e-06	 2.288331e-06	 6.298051e-07	 2.188118e-06	 2.683383e-06	 3.866653e-06	-1.200753e-06	-1.711046e-07	-1.356519e-06	-4.019180e-06	-8.009530e-06	-4.388747e-05	-3.011511e-08	-4.392931e-08	-1.599808e-06	 5.147747e-03	 2.493425e-05	 1.149511e-07	 1.928656e-13	 2.589217e-05	
-6.510906e-05	 8.191406e-05	 1.057320e-04	-5.390954e-01	-1.074369e-01	-2.465058e-03	-3.978110e-03	-1.355522e-03	 4.422925e+01	-3.883206e-01	-7.520673e-01	 3.397809e+01	 1.233072e+00	-1.315991e+01	-5.457208e+01	-3.100087e-01	 1.473672e-01	 4.965362e-01	-5.932889e+00	-3.335055e+01	-5.045348e-04	-5.927049e-04	 4.730396e-04	-5.568762e-04	 2.337719e-03	 3.708458e-03	 2.093603e-04	 9.832173e-04	 4.761594e-04	 7.233103e-05	-2.437801e-03	 6.256291e-03	-2.052889e-04	 7.058689e-04	 6.914887e-04	-1.187340e-01	-1.088009e-03	-2.781674e-05	-5.224824e-12	-1.446175e-03	
 1.401974e-06	 2.796970e-06	-6.630398e-06	 1.192714e-02	 2.329232e-03	 7.308043e-05	 8.763838e-05	 2.223061e-05	-3.883206e-01	 8.150823e-02	-4.528462e-02	-5.297052e-01	 9.138581e-01	 1.669602e+00	 6.208511e-01	 4.995790e-02	-6.594849e-03	 1.040299e-02	 1.093980e-01	 1.454429e-01	 1.386701e-05	 1.459092e-05	-3.824915e-06	 9.207853e-06	-4.229394e-05	-1.229696e-04	-2.407968e-05	-1.712575e-05	-1.999591e-05	-2.817442e-05	 9.526153e-06	-6.779585e-05	 4.441917e-06	-1.401710e-06	-3.198320e-06	 1.833120e-03	 2.271960e-05	 5.989990e-07	 1.549279e-13	 4.122287e-05	
 1.766030e-05	 8.038378e-05	-1.540761e-04	 1.127784e-01	 3.899366e-02	 6.336163e-04	 9.009987e-04	 3.950514e-04	-7.520673e-01	-4.528462e-02	 3.893742e+00	-3.019252e+01	-3.074114e+00	 7.888650e+00	 5.391792e+00	-2.805304e+00	-2.111224e-01	 1.623847e-01	 2.686719e+00	 3.302496e+00	 1.547499e-04	 1.517189e-04	 6.579551e-04	 1.535426e-04	 1.809844e-04	 1.235332e-03	-9.223864e-06	-4.599466e-06	 5.952585e-04	-3.402553e-04	-8.693740e-04	-2.532516e-03	 1.114986e-04	-3.791666e-05	 4.842020e-06	 3.450677e-02	 4.415248e-04	 7.545988e-06	 1.343958e-12	 2.478177e-04	
-3.238852e-04	-1.756389e-04	 1.534956e-03	-2.038407e+00	-7.078692e-01	-1.128005e-02	-2.188591e-02	-8.850628e-03	 3.397809e+01	-5.297052e-01	-3.019252e+01	 7.722222e+02	 6.597563e+01	-5.549426e+01	-5.866726e+01	 1.368045e+01	-6.333877e+00	 5.411862e+00	-1.264037e+01	-2.388043e+01	-2.742570e-03	-3.185558e-03	-6.131392e-03	-3.120728e-03	 1.143265e-02	 1.096188e-02	 2.704503e-03	-3.616333e-03	-6.534510e-03	 6.838110e-03	 4.854744e-03	 3.391278e-02	 3.685587e-03	 4.849739e-04	 3.733796e-03	-7.957724e-01	-7.861999e-03	-1.383810e-04	-2.394047e-11	-6.171273e-03	
-1.947138e-04	-3.245072e-04	 1.304455e-03	-8.591119e-02	-4.953549e-01	-5.469348e-03	-6.425923e-03	-4.493059e-03	 1.233072e+00	 9.138581e-01	-3.074114e+00	 6.597563e+01	 6.060953e+01	 4.033814e+01	 1.599377e+01	-5.316595e+00	-4.203891e-01	-1.343044e+00	 3.473697e+00	 4.531508e+00	-1.348247e-03	-1.378938e-03	-2.537429e-03	-1.492725e-03	-3.470623e-03	-5.776914e-03	 9.355185e-04	 3.210622e-04	-3.699256e-04	 2.440997e-03	 4.478402e-03	 3.006592e-02	 7.720564e-05	 1.021332e-04	 5.543571e-04	-3.927249e-01	-5.825823e-03	-8.320716e-05	-1.159118e-11	-5.204327e-04	
-5.985642e-05	 2.922906e-04	 1.875131e-04	 8.917291e-01	-2.238375e-01	 9.360343e-05	 1.132854e-03	-1.723966e-03	-1.315991e+01	 1.669602e+00	 7.888650e+00	-5.549426e+01	 4.033814e+01	 8.574475e+01	 5.382500e+01	-1.230636e+01	-8.624175e-01	-6.266704e-01	 5.229181e+00	 8.705536e+00	-1.278585e-04	-1.260124e-04	-9.174564e-04	-1.690736e-04	-5.808256e-03	-4.707015e-03	 3.096625e-04	-3.282328e-04	 2.949954e-03	 1.127180e-03	 2.276579e-03	 8.313718e-03	 4.414497e-04	-3.799267e-04	 3.292251e-04	-1.533021e-01	-2.873644e-03	-2.558672e-05	 2.054319e-13	 2.105605e-03	
-1.028387e-06	 7.085506e-05	 1.797866e-04	 1.204080e+00	-1.038317e-01	 4.048845e-03	 4.116440e-03	-9.943117e-04	-5.457208e+01	 6.208511e-01	 5.391792e+00	-5.866726e+01	 1.599377e+01	 5.382500e+01	 1.036472e+02	-9.464709e+00	-6.455767e-01	-1.147507e+00	 5.763578e+00	 3.365702e+01	 4.409791e-04	 4.834618e-04	-1.451414e-03	 6.779404e-04	-7.921298e-03	-8.141733e-03	 5.317271e-04	-1.280783e-03	 9.227336e-04	 1.183669e-03	 5.952780e-03	 2.581094e-03	 4.668272e-04	-1.332168e-03	 1.181537e-03	-9.636741e-02	-1.511880e-03	-4.561567e-07	 8.570491e-12	 3.694999e-03	
-3.016040e-05	-1.326668e-04	 2.308671e-04	-1.671000e-01	-5.532837e-02	-1.648897e-03	-2.098703e-03	-5.933950e-04	-3.100087e-01	 4.995790e-02	-2.805304e+00	 1.368045e+01	-5.316595e+00	-1.230636e+01	-9.464709e+00	 6.045297e+00	 1.265687e-01	-2.109473e-01	-2.182430e+00	-2.376386e+00	-2.863134e-04	-2.684478e-04	 1.002167e-05	-3.012831e-04	 1.396736e-03	 8.347819e-04	-1.146607e-04	-1.657607e-05	-5.217900e-04	 3.778104e-04	 7.382793e-04	-1.324690e-04	-7.851888e-05	 5.448005e-06	 3.858887e-05	-5.130262e-02	-5.859646e-04	-1.288513e-05	-3.492142e-12	-9.149916e-04	
-1.284668e-06	-1.806134e-05	 5.827143e-06	-9.349462e-02	 3.216029e-03	-1.031043e-04	 3.057796e-04	 1.132198e-04	 1.473672e-01	-6.594849e-03	-2.111224e-01	-6.333877e+00	-4.203891e-01	-8.624175e-01	-6.455767e-01	 1.265687e-01	 3.333116e+00	 5.502416e-01	 1.564333e-01	 1.150084e-01	 5.459559e-05	 6.495051e-05	 3.663253e-04	 9.662489e-05	 5.360826e-04	 5.362419e-04	-3.664378e-04	 2.894744e-04	 6.775533e-04	-4.816325e-04	-6.192854e-05	-5.507414e-04	 1.743036e-04	-7.911526e-06	 3.158493e-06	 1.152728e-02	 4.512738e-05	-5.491614e-07	-2.159048e-13	 3.046881e-05	
-7.887258e-06	 1.597454e-05	-9.555692e-06	-1.306468e-01	-8.406321e-03	-6.087672e-04	-3.116223e-04	-3.630835e-05	 4.965362e-01	 1.040299e-02	 1.623847e-01	 5.411862e+00	-1.343044e+00	-6.266704e-01	-1.147507e+00	-2.109473e-01	 5.502416e-01	 3.163908e+00	 2.694474e+00	 2.726079e+00	-1.296035e-05	-2.966510e-05	 2.424597e-04	-3.561025e-05	 1.312842e-03	 1.954965e-03	 8.195988e-05	-2.937519e-04	-5.093928e-04	-3.164870e-04	 1.169909e-04	 8.838307e-05	-1.807824e-04	-4.206005e-05	 4.090764e-06	-1.657010e-03	-7.832535e-05	-3.368701e-06	-1.288493e-12	-2.831201e-04	
-1.174781e-05	 8.249406e-06	 1.589552e-05	 2.083157e-02	-1.808722e-02	-7.421004e-04	-3.036159e-04	-1.599774e-04	-5.932889e+00	 1.093980e-01	 2.686719e+00	-1.264037e+01	 3.473697e+00	 5.229181e+00	 5.763578e+00	-2.182430e+00	 1.564333e-01	 2.694474e+00	 1.081902e+01	 1.939331e+01	-8.472431e-06	-4.899653e-05	 1.353459e-04	-1.182093e-04	 1.161304e-03	 1.486230e-03	 1.671072e-04	-2.161702e-04	-1.517941e-03	-6.083565e-04	-9.238453e-04	 6.697509e-03	-2.324995e-05	 4.058470e-04	 6.971910e-06	-1.303763e-02	-1.809395e-04	-5.019382e-06	-1.570370e-12	-2.761125e-04	
 3.386883e-06	-1.803090e-04	 1.744868e-04	 4.821526e-01	 1.342178e-03	 1.160766e-03	 1.063606e-03	-1.344132e-04	-3.335055e+01	 1.454429e-01	 3.302496e+00	-2.388043e+01	 4.531508e+00	 8.705536e+00	 3.365702e+01	-2.376386e+00	 1.150084e-01	 2.726079e+00	 1.939331e+01	 5.381473e+01	 3.052859e-04	 2.670721e-04	-3.029239e-04	 3.104450e-04	 6.672359e-04	 1.069285e-03	 2.437405e-04	-7.226109e-04	-1.971738e-03	-2.309637e-04	-1.536110e-03	 8.891515e-03	 6.759415e-05	 9.289619e-04	 7.611101e-04	-1.431532e-02	 1.196175e-05	 1.441719e-06	 2.451253e-12	 7.551407e-04	
 5.116343e-08	 5.259472e-07	-1.271664e-06	 1.313791e-04	 3.082808e-04	 3.729717e-06	 3.538016e-06	 2.235505e-06	-5.045348e-04	 1.386701e-05	 1.547499e-04	-2.742570e-03	-1.348247e-03	-1.278585e-04	 4.409791e-04	-2.863134e-04	 5.459559e-05	-1.296035e-05	-8.472431e-06	 3.052859e-04	 5.053161e-05	 1.352896e-05	 2.044985e-06	 5.060981e-06	 2.658764e-06	 2.839577e-06	-1.824187e-06	-7.275725e-07	 3.029729e-07	-5.553518e-07	 4.478263e-07	-3.559979e-06	-2.313656e-08	-9.799874e-09	 8.494522e-07	 2.019057e-04	 4.166033e-06	 2.185993e-08	 7.894303e-15	 9.764236e-08	
 5.168910e-08	 2.826952e-07	-1.046543e-06	 1.186191e-04	 3.157663e-04	 3.483314e-06	 3.648939e-06	 2.288331e-06	-5.927049e-04	 1.459092e-05	 1.517189e-04	-3.185558e-03	-1.378938e-03	-1.260124e-04	 4.834618e-04	-2.684478e-04	 6.495051e-05	-2.966510e-05	-4.899653e-05	 2.670721e-04	 1.352896e-05	 3.250677e-05	 1.789379e-06	 1.611932e-05	 3.896823e-06	 5.829064e-06	-7.979869e-07	-9.254791e-07	 1.421756e-06	-2.818032e-06	-1.318026e-06	-2.804362e-06	-3.199839e-08	-1.971626e-08	 7.273806e-07	 2.067073e-04	 4.310158e-06	 2.208523e-08	 7.375670e-15	-6.015336e-08	
 1.277500e-07	 2.699202e-06	-2.936080e-06	-8.933899e-06	 1.817098e-04	 7.036114e-07	 1.582763e-06	 6.298051e-07	 4.730396e-04	-3.824915e-06	 6.579551e-04	-6.131392e-03	-2.537429e-03	-9.174564e-04	-1.451414e-03	 1.002167e-05	 3.663253e-04	 2.424597e-04	 1.353459e-04	-3.029239e-04	 2.044985e-06	 1.789379e-06	 6.386165e-03	 2.254460e-06	 1.573488e-04	 3.330540e-04	 6.852316e-06	-1.689276e-06	 1.094262e-05	 2.800819e-07	-9.044462e-06	-1.562264e-05	-4.198896e-08	-1.890947e-07	 6.987487e-07	 3.417782e-05	 2.308103e-06	 5.455363e-08	 1.449189e-15	-8.835671e-07	
 5.581793e-08	 2.413219e-07	-1.032851e-06	 9.058797e-05	 3.295092e-04	 4.512103e-06	 3.897378e-06	 2.188118e-06	-5.568762e-04	 9.207853e-06	 1.535426e-04	-3.120728e-03	-1.492725e-03	-1.690736e-04	 6.779404e-04	-3.012831e-04	 9.662489e-05	-3.561025e-05	-1.182093e-04	 3.104450e-04	 5.060981e-06	 1.611932e-05	 2.254460e-06	 5.733319e-05	 5.382545e-06	 4.439537e-06	 4.646771e-07	-1.828688e-06	 9.947091e-07	-4.232878e-06	-3.052014e-06	-5.841802e-06	-3.794427e-08	-1.452813e-08	 1.402341e-06	 1.946809e-04	 4.532723e-06	 2.384432e-08	 9.557884e-15	 2.746518e-07	
 3.604545e-07	-3.754547e-06	 3.113886e-06	 5.387506e-03	 3.561935e-04	 1.642557e-06	 2.213032e-06	 2.683383e-06	 2.337719e-03	-4.229394e-05	 1.809844e-04	 1.143265e-02	-3.470623e-03	-5.808256e-03	-7.921298e-03	 1.396736e-03	 5.360826e-04	 1.312842e-03	 1.161304e-03	 6.672359e-04	 2.658764e-06	 3.896823e-06	 1.573488e-04	 5.382545e-06	 8.626214e-03	 7.716388e-04	 1.562584e-06	 5.097800e-06	-2.574220e-06	-8.514350e-06	-1.640454e-05	-1.516195e-04	-2.316234e-07	-9.980755e-08	 1.376232e-06	 1.789170e-04	 3.791482e-06	 1.540461e-07	 3.436942e-15	-2.677556e-06	
 4.314008e-07	-1.010095e-06	 5.993428e-07	-1.036233e-02	 3.002900e-04	 7.587770e-06	 2.804565e-06	 3.866653e-06	 3.708458e-03	-1.229696e-04	 1.235332e-03	 1.096188e-02	-5.776914e-03	-4.707015e-03	-8.141733e-03	 8.347819e-04	 5.362419e-04	 1.954965e-03	 1.486230e-03	 1.069285e-03	 2.839577e-06	 5.829064e-06	 3.330540e-04	 4.439537e-06	 7.716388e-04	 3.273374e-02	-3.934886e-06	 8.774787e-08	-2.673444e-05	 1.494276e-06	-4.423767e-05	-8.659420e-05	-3.467996e-07	 3.325871e-08	 3.740272e-06	 2.811435e-04	 2.087441e-06	 1.843196e-07	 1.606043e-14	 9.184737e-07	
-5.508506e-08	-8.597367e-07	 1.287063e-06	-9.714331e-04	-2.009345e-04	-4.003140e-07	-1.026326e-06	-1.200753e-06	 2.093603e-04	-2.407968e-05	-9.223864e-06	 2.704503e-03	 9.355185e-04	 3.096625e-04	 5.317271e-04	-1.146607e-04	-3.664378e-04	 8.195988e-05	 1.671072e-04	 2.437405e-04	-1.824187e-06	-7.979869e-07	 6.852316e-06	 4.646771e-07	 1.562584e-06	-3.934886e-06	 1.447402e-03	 2.782396e-04	 8.966233e-05	-3.691331e-04	-1.031366e-04	-1.067949e-04	-2.187666e-08	 5.250223e-08	 5.084943e-07	-1.044017e-04	-2.510630e-06	-2.355731e-08	-8.023870e-16	 1.000650e-06	
-5.265483e-08	-1.294769e-06	 1.433757e-06	-1.920491e-03	-9.278525e-05	-1.562727e-07	 2.001285e-07	-1.711046e-07	 9.832173e-04	-1.712575e-05	-4.599466e-06	-3.616333e-03	 3.210622e-04	-3.282328e-04	-1.280783e-03	-1.657607e-05	 2.894744e-04	-2.937519e-04	-2.161702e-04	-7.226109e-04	-7.275725e-07	-9.254791e-07	-1.689276e-06	-1.828688e-06	 5.097800e-06	 8.774787e-08	 2.782396e-04	 8.688803e-04	 3.818751e-05	 7.266833e-04	 4.208008e-05	-6.709415e-04	-9.683984e-08	 3.108056e-08	 6.286145e-08	-4.585876e-06	-8.868266e-07	-2.250180e-08	-3.054142e-16	 5.289465e-07	
-7.910468e-08	-9.284382e-07	 1.508573e-06	 1.497179e-03	-2.568631e-04	-2.752607e-06	-4.844132e-07	-1.356519e-06	 4.761594e-04	-1.999591e-05	 5.952585e-04	-6.534510e-03	-3.699256e-04	 2.949954e-03	 9.227336e-04	-5.217900e-04	 6.775533e-04	-5.093928e-04	-1.517941e-03	-1.971738e-03	 3.029729e-07	 1.421756e-06	 1.094262e-05	 9.947091e-07	-2.574220e-06	-2.673444e-05	 8.966233e-05	 3.818751e-05	 7.202985e-03	-3.079337e-04	 6.591567e-04	 4.482794e-03	-9.959398e-09	-1.033516e-07	-4.863988e-07	-1.094816e-04	-2.815047e-06	-3.377413e-08	-5.832560e-15	 4.088380e-07	
-2.229825e-07	-3.551208e-06	 4.921108e-06	-1.845314e-03	-6.837846e-04	-6.050536e-06	-3.296767e-06	-4.019180e-06	 7.233103e-05	-2.817442e-05	-3.402553e-04	 6.838110e-03	 2.440997e-03	 1.127180e-03	 1.183669e-03	 3.778104e-04	-4.816325e-04	-3.164870e-04	-6.083565e-04	-2.309637e-04	-5.553518e-07	-2.818032e-06	 2.800819e-07	-4.232878e-06	-8.514350e-06	 1.494276e-06	-3.691331e-04	 7.266833e-04	-3.079337e-04	 2.937552e-03	 5.243762e-04	-8.841849e-04	-3.045860e-08	 6.648280e-08	-3.576008e-07	-3.332503e-04	-8.244544e-06	-9.528011e-08	-1.282142e-14	 1.401209e-06	
-5.038818e-07	 1.006193e-06	 1.792089e-06	 2.199069e-03	-1.449583e-03	-1.260320e-05	-4.998039e-06	-8.009530e-06	-2.437801e-03	 9.526153e-06	-8.693740e-04	 4.854744e-03	 4.478402e-03	 2.276579e-03	 5.952780e-03	 7.382793e-04	-6.192854e-05	 1.169909e-04	-9.238453e-04	-1.536110e-03	 4.478263e-07	-1.318026e-06	-9.044462e-06	-3.052014e-06	-1.640454e-05	-4.423767e-05	-1.031366e-04	 4.208008e-05	 6.591567e-04	 5.243762e-04	 6.429170e-03	 7.860021e-03	 1.711130e-08	-2.757125e-07	-7.152236e-07	-6.446453e-04	-1.691811e-05	-2.153501e-07	-2.672866e-14	 3.205251e-06	
-2.111159e-06	 5.593770e-06	 7.068428e-06	 4.976237e-03	-6.425729e-03	-5.139033e-05	-2.631872e-05	-4.388747e-05	 6.256291e-03	-6.779585e-05	-2.532516e-03	 3.391278e-02	 3.006592e-02	 8.313718e-03	 2.581094e-03	-1.324690e-04	-5.507414e-04	 8.838307e-05	 6.697509e-03	 8.891515e-03	-3.559979e-06	-2.804362e-06	-1.562264e-05	-5.841802e-06	-1.516195e-04	-8.659420e-05	-1.067949e-04	-6.709415e-04	 4.482794e-03	-8.841849e-04	 7.860021e-03	 6.994778e-02	-1.330271e-07	-4.311002e-07	 6.898273e-06	-3.728461e-03	-7.668124e-05	-9.023084e-07	-1.089508e-13	 1.594561e-05	
 2.659208e-09	-6.858849e-09	-1.128411e-09	-1.116613e-05	 5.199352e-06	 6.659789e-08	-6.262909e-08	-3.011511e-08	-2.052889e-04	 4.441917e-06	 1.114986e-04	 3.685587e-03	 7.720564e-05	 4.414497e-04	 4.668272e-04	-7.851888e-05	 1.743036e-04	-1.807824e-04	-2.324995e-05	 6.759415e-05	-2.313656e-08	-3.199839e-08	-4.198896e-08	-3.794427e-08	-2.316234e-07	-3.467996e-07	-2.187666e-08	-9.683984e-08	-9.959398e-09	-3.045860e-08	 1.711130e-08	-1.330271e-07	 3.749309e-07	-1.195581e-09	-5.509192e-12	-3.772222e-06	 6.003893e-08	 1.136454e-09	 1.402199e-16	-2.980888e-08	
-1.370208e-09	-1.056203e-08	 1.832080e-08	 8.058089e-06	-3.577379e-06	-8.604349e-08	-7.046164e-08	-4.392931e-08	 7.058689e-04	-1.401710e-06	-3.791666e-05	 4.849739e-04	 1.021332e-04	-3.799267e-04	-1.332168e-03	 5.448005e-06	-7.911526e-06	-4.206005e-05	 4.058470e-04	 9.289619e-04	-9.799874e-09	-1.971626e-08	-1.890947e-07	-1.452813e-08	-9.980755e-08	 3.325871e-08	 5.250223e-08	 3.108056e-08	-1.033516e-07	 6.648280e-08	-2.757125e-07	-4.311002e-07	-1.195581e-09	 3.876020e-07	-2.594762e-09	-3.995416e-06	-3.984964e-08	-5.856237e-10	-1.824988e-16	-3.081034e-08	
 1.838311e-08	-6.335503e-08	-1.071093e-07	 6.366629e-04	 8.342912e-05	 8.362725e-06	 3.019085e-07	-1.599808e-06	 6.914887e-04	-3.198320e-06	 4.842020e-06	 3.733796e-03	 5.543571e-04	 3.292251e-04	 1.181537e-03	 3.858887e-05	 3.158493e-06	 4.090764e-06	 6.971910e-06	 7.611101e-04	 8.494522e-07	 7.273806e-07	 6.987487e-07	 1.402341e-06	 1.376232e-06	 3.740272e-06	 5.084943e-07	 6.286145e-08	-4.863988e-07	-3.576008e-07	-7.152236e-07	 6.898273e-06	-5.509192e-12	-2.594762e-09	 5.969982e-06	-1.682925e-04	 1.171744e-06	 7.837154e-09	 1.766201e-14	 2.786154e-06	
 2.107580e-05	 1.802353e-04	-5.281065e-04	 2.685718e-01	 1.543333e-01	 9.021899e-03	 1.022089e-03	 5.147747e-03	-1.187340e-01	 1.833120e-03	 3.450677e-02	-7.957724e-01	-3.927249e-01	-1.533021e-01	-9.636741e-02	-5.130262e-02	 1.152728e-02	-1.657010e-03	-1.303763e-02	-1.431532e-02	 2.019057e-04	 2.067073e-04	 3.417782e-05	 1.946809e-04	 1.789170e-04	 2.811435e-04	-1.044017e-04	-4.585876e-06	-1.094816e-04	-3.332503e-04	-6.446453e-04	-3.728461e-03	-3.772222e-06	-3.995416e-06	-1.682925e-04	 5.091568e-01	 2.234440e-03	 9.007946e-06	 1.908090e-11	 2.673804e-03	
 6.133396e-07	-1.010639e-05	 1.406075e-06	 7.302297e-03	 4.020897e-03	 3.242813e-05	 2.022253e-05	 2.493425e-05	-1.088009e-03	 2.271960e-05	 4.415248e-04	-7.861999e-03	-5.825823e-03	-2.873644e-03	-1.511880e-03	-5.859646e-04	 4.512738e-05	-7.832535e-05	-1.809395e-04	 1.196175e-05	 4.166033e-06	 4.310158e-06	 2.308103e-06	 4.532723e-06	 3.791482e-06	 2.087441e-06	-2.510630e-06	-8.868266e-07	-2.815047e-06	-8.244544e-06	-1.691811e-05	-7.668124e-05	 6.003893e-08	-3.984964e-08	 1.171744e-06	 2.234440e-03	 5.785671e-05	 2.621003e-07	 6.863913e-14	-1.378415e-05	
 8.454233e-09	-3.520680e-09	-3.770762e-08	-2.158469e-05	 2.240235e-05	 1.818967e-07	 9.691646e-08	 1.149511e-07	-2.781674e-05	 5.989990e-07	 7.545988e-06	-1.383810e-04	-8.320716e-05	-2.558672e-05	-4.561567e-07	-1.288513e-05	-5.491614e-07	-3.368701e-06	-5.019382e-06	 1.441719e-06	 2.185993e-08	 2.208523e-08	 5.455363e-08	 2.384432e-08	 1.540461e-07	 1.843196e-07	-2.355731e-08	-2.250180e-08	-3.377413e-08	-9.528011e-08	-2.153501e-07	-9.023084e-07	 1.136454e-09	-5.856237e-10	 7.837154e-09	 9.007946e-06	 2.621003e-07	 3.612804e-09	 3.846818e-16	-5.058338e-08	
 9.003162e-16	 6.299584e-15	-1.592193e-14	 1.462572e-11	 4.785272e-12	 4.009465e-13	 2.798301e-14	 1.928656e-13	-5.224824e-12	 1.549279e-13	 1.343958e-12	-2.394047e-11	-1.159118e-11	 2.054319e-13	 8.570491e-12	-3.492142e-12	-2.159048e-13	-1.288493e-12	-1.570370e-12	 2.451253e-12	 7.894303e-15	 7.375670e-15	 1.449189e-15	 9.557884e-15	 3.436942e-15	 1.606043e-14	-8.023870e-16	-3.054142e-16	-5.832560e-15	-1.282142e-14	-2.672866e-14	-1.089508e-13	 1.402199e-16	-1.824988e-16	 1.766201e-14	 1.908090e-11	 6.863913e-14	 3.846818e-16	 8.480854e-22	 1.318655e-13	
-1.183559e-07	 6.611856e-06	-4.388963e-06	-7.213120e-04	-9.147102e-04	 6.235202e-05	-1.261008e-06	 2.589217e-05	-1.446175e-03	 4.122287e-05	 2.478177e-04	-6.171273e-03	-5.204327e-04	 2.105605e-03	 3.694999e-03	-9.149916e-04	 3.046881e-05	-2.831201e-04	-2.761125e-04	 7.551407e-04	 9.764236e-08	-6.015336e-08	-8.835671e-07	 2.746518e-07	-2.677556e-06	 9.184737e-07	 1.000650e-06	 5.289465e-07	 4.088380e-07	 1.401209e-06	 3.205251e-06	 1.594561e-05	-2.980888e-08	-3.081034e-08	 2.786154e-06	 2.673804e-03	-1.378415e-05	-5.058338e-08	 1.318655e-13	 3.336954e-05	
